14.00 2.00 14.67 0.00 -0.00 -0.00 -0.00 0.00 14.67 0.00 0.75 Solved
14.00 7.87 14.67 -0.00 -0.00 0.00 0.00 0.00 14.67 0.00 0.66 Solved
14.00 13.73 14.67 0.00 0.00 -0.00 -0.00 -0.00 14.67 0.00 0.65 Solved
14.00 19.60 14.67 -0.00 0.00 0.00 0.00 -0.00 14.67 0.00 0.73 Solved
14.00 25.47 14.67 -0.00 -0.00 0.00 0.00 0.00 14.67 0.00 0.64 Solved
14.00 31.33 14.67 -0.00 -0.14 -0.03 -0.01 -0.44 14.65 5.77 8.15 Max-Iter
14.00 37.20 14.61 -0.01 -0.09 0.02 0.01 -0.50 14.53 2.88 3.31 Acceptable
13.94 43.04 14.58 -0.00 -0.28 0.09 0.04 -0.50 14.33 50.35 3.17 Acceptable
13.93 48.87 14.46 0.03 -0.19 0.10 0.05 -0.50 14.31 68.16 2.80 Acceptable
14.12 54.66 14.39 0.07 -0.06 0.09 0.04 -0.50 14.36 56.22 2.80 Acceptable
14.55 60.40 14.36 0.11 0.03 0.07 0.03 -0.50 14.41 30.77 3.17 Acceptable
15.19 66.10 14.37 0.14 0.06 0.04 0.02 -0.50 14.45 11.58 4.23 Max-Iter
15.99 71.80 14.40 0.16 0.04 0.02 0.01 -0.50 14.45 3.35 2.30 Acceptable
16.88 77.49 14.42 0.16 0.04 0.01 0.00 -0.50 14.47 2.50 3.48 Acceptable
17.81 83.18 14.44 0.17 0.04 0.00 0.00 -0.50 14.48 2.38 2.72 Acceptable
18.76 88.88 14.45 0.17 -0.20 0.05 0.02 -0.50 14.28 18.20 4.47 Max-Iter
19.72 94.58 14.37 0.19 -0.37 0.11 0.05 -0.50 14.06 78.45 3.26 Acceptable
20.78 100.23 14.22 0.23 -0.37 0.11 0.00 0.00 13.91 0.00 0.13 Algorithm-Received
22.08 105.77 14.07 0.27 0.12 0.00 0.00 0.14 14.20 5.85 4.92 Max-Iter
23.60 111.19 14.12 0.28 -0.77 -0.25 -0.11 0.48 13.54 1000234.72 4.68 Max-Iter
25.14 116.62 13.81 0.18 -1.47 -0.23 -0.10 0.50 13.20 417.32 4.53 Max-Iter
26.11 122.06 13.23 0.08 -0.48 -0.25 -0.10 0.50 13.20 452.11 4.45 Max-Iter
26.55 127.33 13.03 -0.02 0.30 -0.25 -0.10 0.50 13.20 348.51 4.66 Max-Iter
26.45 132.55 13.15 -0.12 0.29 -0.09 -0.04 0.50 13.50 72.93 4.24 Max-Iter
25.82 137.77 13.27 -0.15 0.27 -0.04 -0.02 0.50 13.58 26.35 2.71 Acceptable
25.00 143.01 13.37 -0.17 0.22 -0.00 -0.00 0.50 13.63 11.44 3.46 Acceptable
24.09 148.28 13.46 -0.17 0.21 -0.00 -0.00 0.10 13.71 10.02 4.32 Max-Iter
23.17 153.59 13.55 -0.17 0.19 -0.00 -0.00 -0.27 13.76 8.88 4.37 Max-Iter
22.23 158.93 13.62 -0.17 0.15 0.01 0.01 -0.50 13.81 8.61 3.75 Acceptable
21.28 164.29 13.68 -0.17 0.11 0.04 0.02 -0.50 13.82 15.95 4.29 Max-Iter
20.36 169.69 13.73 -0.15 0.13 0.05 0.02 -0.50 13.88 18.36 3.35 Acceptable
19.51 175.11 13.78 -0.14 0.14 0.04 0.02 -0.50 13.94 13.65 4.31 Max-Iter
18.77 180.57 13.83 -0.12 0.14 0.03 0.01 -0.50 14.00 8.80 4.36 Max-Iter
18.10 186.06 13.89 -0.11 0.08 0.03 0.01 -0.50 13.99 11.13 4.21 Max-Iter
