14.00 2.00 14.67 0.00 -0.00 -0.00 -0.00 0.00 14.67 0.00 0.29 Solved
14.00 7.87 14.67 -0.00 -0.00 -0.00 -0.00 0.00 14.67 0.00 0.25 Solved
14.00 13.73 14.67 -0.00 -0.00 -0.00 -0.00 0.00 14.67 0.00 0.22 Solved
14.00 19.60 14.67 -0.00 -0.00 -0.00 -0.00 0.00 14.67 0.00 0.23 Solved
14.00 25.47 14.67 -0.00 -0.00 -0.00 -0.00 0.00 14.67 0.00 0.26 Solved
14.00 31.33 14.67 -0.00 -0.00 0.00 0.00 -0.10 14.67 0.01 2.86 Acceptable
14.00 37.20 14.67 0.00 -0.05 0.03 0.01 -0.50 14.64 3.47 0.51 Solved
14.00 43.07 14.65 0.01 -0.07 0.09 0.04 -0.50 14.61 34.18 0.64 Solved
14.07 48.93 14.62 0.05 -0.01 0.07 0.03 -0.50 14.62 18.18 0.43 Solved
14.34 54.77 14.62 0.07 0.01 0.01 0.01 -0.50 14.62 1.60 0.60 Acceptable
14.77 60.60 14.62 0.08 0.01 0.00 0.00 -0.36 14.62 0.91 0.75 Solved
15.24 66.43 14.62 0.08 0.01 0.00 0.00 -0.24 14.63 0.76 0.56 Acceptable
15.70 72.26 14.62 0.08 0.00 0.00 0.00 -0.18 14.63 0.49 0.59 Acceptable
16.17 78.09 14.63 0.08 0.00 0.00 0.00 -0.25 14.63 0.29 0.58 Solved
16.63 83.92 14.63 0.08 0.00 0.00 0.00 -0.36 14.63 0.29 0.62 Acceptable
17.10 89.75 14.63 0.08 -0.04 0.03 0.01 -0.50 14.61 3.49 0.54 Solved
17.57 95.58 14.61 0.09 -0.24 0.13 0.06 -0.50 14.48 69.34 0.67 Acceptable
18.10 101.40 14.52 0.14 -0.09 0.13 0.06 -0.50 14.48 67.97 0.44 Solved
18.93 107.15 14.48 0.19 0.12 0.07 0.03 -0.50 14.56 19.08 0.59 Solved
20.05 112.84 14.53 0.22 0.01 0.00 0.00 0.08 14.54 0.78 0.72 Acceptable
21.32 118.51 14.54 0.22 -0.73 -0.17 -0.08 0.50 14.13 130.65 0.81 Solved
22.59 124.18 14.25 0.15 -1.80 -0.35 -0.15 0.50 13.27 560.88 0.46 Solved
23.45 129.82 13.53 0.01 -0.33 -0.31 -0.13 0.50 13.40 403.35 0.61 Solved
23.52 135.23 13.39 -0.11 0.21 -0.12 -0.05 0.50 13.55 69.87 0.58 Solved
22.92 140.55 13.48 -0.16 0.13 -0.00 -0.00 0.50 13.58 6.41 0.79 Acceptable
22.05 145.87 13.53 -0.16 0.13 -0.00 -0.00 0.19 13.63 5.89 0.59 Acceptable
21.17 151.21 13.58 -0.16 0.12 0.00 0.00 -0.16 13.68 5.16 0.60 Solved
20.29 156.57 13.63 -0.16 0.11 0.00 0.00 -0.50 13.72 4.72 0.57 Solved
19.41 161.95 13.67 -0.16 -0.00 0.09 0.04 -0.50 13.70 39.76 0.52 Solved
18.53 167.35 13.67 -0.12 0.06 0.09 0.04 -0.50 13.73 40.82 0.43 Solved
17.86 172.78 13.70 -0.09 0.11 0.05 0.02 -0.50 13.78 14.09 0.57 Acceptable
17.38 178.24 13.74 -0.07 0.11 0.01 0.00 -0.50 13.82 4.45 0.68 Solved
17.02 183.72 13.78 -0.06 0.10 0.00 0.00 -0.40 13.86 3.93 0.59 Acceptable
16.67 189.22 13.82 -0.06 0.09 0.00 0.00 -0.31 13.90 3.52 0.72 Acceptable
16.32 194.74 13.86 -0.06 0.08 0.01 0.00 -0.50 13.93 3.40 0.38 Solved
15.98 200.27 13.89 -0.06 0.05 0.06 0.03 -0.50 13.94 17.92 0.63 Acceptable
