15.00 2.00 14.67 0.00 -0.00 0.00 0.00 0.00 14.67 0.00 4.57 Solved
15.00 9.33 14.67 0.00 0.00 0.00 0.00 0.00 14.67 0.00 3.85 Solved
15.00 16.67 14.67 0.00 0.00 0.00 0.00 0.00 14.67 0.00 17.66 Algorithm-Received
15.00 24.00 14.67 0.00 -0.91 0.17 0.08 -0.50 13.80 171.01 22.05 Max-Iter
15.00 31.33 14.21 0.08 -1.09 0.16 0.07 -0.50 13.20 194.58 12.75 Acceptable
15.61 38.44 13.67 0.16 -0.70 0.14 0.06 -0.50 13.20 155.84 11.36 Acceptable
16.80 45.27 13.32 0.23 -0.32 0.10 0.04 -0.50 13.20 92.12 10.53 Acceptable
18.49 51.93 13.16 0.28 -0.13 0.07 0.03 -0.50 13.20 49.39 9.14 Acceptable
20.56 58.51 13.10 0.31 0.01 0.04 0.02 -0.50 13.21 27.20 33.09 Acceptable
22.87 65.06 13.10 0.34 0.12 0.03 0.01 -0.50 13.35 18.70 11.08 Acceptable
25.34 71.61 13.16 0.35 0.24 0.01 0.00 -0.50 13.54 14.19 13.12 Acceptable
27.90 78.19 13.28 0.35 0.25 0.00 0.00 0.15 13.66 11.89 13.26 Acceptable
30.50 84.83 13.41 0.35 0.34 -0.04 -0.02 0.50 13.88 24.27 13.34 Acceptable
33.11 91.53 13.58 0.33 0.32 -0.08 -0.03 0.50 14.02 54.80 10.58 Acceptable
35.55 98.32 13.74 0.29 0.07 -0.11 -0.05 0.50 13.88 87.97 13.40 Acceptable
37.69 105.19 13.77 0.24 -0.23 -0.14 -0.06 0.50 13.57 137.29 14.74 Acceptable
39.43 112.08 13.66 0.17 -0.60 -0.17 -0.07 0.50 13.20 201.35 11.30 Acceptable
40.65 118.91 13.36 0.08 -0.30 -0.16 -0.07 0.50 13.20 184.94 12.12 Acceptable
41.25 125.58 13.21 0.00 -0.16 -0.13 -0.05 0.50 13.20 122.66 14.21 Acceptable
41.26 132.19 13.13 -0.06 -0.01 -0.10 -0.04 0.50 13.20 74.07 13.34 Acceptable
40.80 138.75 13.12 -0.11 0.17 -0.05 -0.02 0.50 13.41 31.19 22.82 Acceptable
39.98 145.31 13.20 -0.14 0.22 -0.03 -0.01 0.50 13.55 16.76 20.19 Max-Iter
38.98 151.91 13.31 -0.15 0.19 -0.02 -0.01 0.50 13.61 13.92 9.87 Acceptable
37.88 158.57 13.41 -0.16 0.21 -0.01 -0.01 0.50 13.73 11.27 10.88 Acceptable
36.71 165.27 13.51 -0.17 0.18 -0.01 -0.00 0.50 13.79 9.49 12.06 Acceptable
35.48 172.03 13.60 -0.17 0.11 -0.02 -0.01 0.50 13.79 10.52 12.82 Acceptable
34.22 178.83 13.66 -0.18 0.07 -0.03 -0.01 0.50 13.80 10.24 12.09 Acceptable
32.87 185.66 13.69 -0.20 -0.29 -0.05 -0.02 0.50 13.41 28.26 12.53 Acceptable
