14.00 2.00 14.67 0.00 -0.00 0.00 0.00 0.00 14.67 0.00 4.93 Solved
14.00 9.33 14.67 0.00 -0.00 -0.00 -0.00 0.00 14.67 0.00 8.89 Solved
14.00 16.67 14.67 -0.00 -0.00 0.00 0.00 -0.00 14.67 0.00 4.89 Solved
14.00 24.00 14.67 -0.00 0.00 0.00 0.00 -0.00 14.67 0.00 4.22 Solved
14.00 31.33 14.67 -0.00 -0.18 0.03 0.01 -0.50 14.46 6.16 38.83 Acceptable
14.00 38.67 14.58 0.01 -1.38 0.14 0.06 -0.50 13.20 165.83 20.50 Acceptable
14.10 45.95 13.88 0.08 -1.10 0.17 0.07 -0.50 13.20 227.63 15.48 Acceptable
14.70 52.90 13.34 0.17 -0.56 0.15 0.06 -0.50 13.20 169.62 17.39 Acceptable
15.92 59.57 13.06 0.24 -0.25 0.11 0.04 -0.50 13.20 102.56 15.11 Acceptable
17.67 66.10 12.93 0.29 -0.01 0.07 0.03 -0.50 13.20 54.20 14.80 Acceptable
19.82 72.56 12.93 0.33 0.05 0.05 0.02 -0.50 13.20 30.78 14.57 Acceptable
22.21 79.02 12.95 0.35 0.08 0.03 0.01 -0.50 13.20 24.35 15.47 Acceptable
24.77 85.50 12.99 0.37 0.05 0.04 0.02 -0.50 13.20 25.26 33.86 Acceptable
27.45 92.00 13.02 0.38 0.20 0.02 0.01 -0.50 13.35 17.39 28.55 Acceptable
30.27 98.51 13.12 0.39 0.28 0.00 0.00 0.37 13.54 13.72 36.79 Acceptable
33.16 105.06 13.25 0.39 0.23 -0.09 -0.04 0.50 13.62 68.14 24.79 Acceptable
36.06 111.69 13.37 0.35 0.20 -0.14 -0.06 0.50 13.68 137.75 24.53 Acceptable
38.62 118.38 13.47 0.28 0.05 -0.15 -0.06 0.50 13.60 161.19 19.86 Acceptable
40.69 125.11 13.49 0.21 0.19 -0.13 -0.06 0.50 13.78 129.85 18.97 Acceptable
42.20 131.86 13.59 0.14 -0.21 -0.12 -0.05 0.50 13.43 102.00 34.06 Max-Iter
43.22 138.65 13.48 0.08 -0.50 -0.13 -0.06 0.50 13.20 133.83 19.37 Acceptable
43.81 145.39 13.23 0.01 -0.40 -0.15 -0.06 0.50 13.20 161.96 22.43 Acceptable
43.91 152.01 13.03 -0.06 -0.23 -0.13 -0.05 0.50 13.20 127.11 18.37 Acceptable
43.46 158.52 12.92 -0.13 -0.07 -0.10 -0.04 0.50 13.20 87.43 19.55 Acceptable
42.53 164.98 12.88 -0.18 -0.03 -0.08 -0.03 0.50 13.20 57.12 24.84 Acceptable
41.22 171.42 12.87 -0.22 0.02 -0.07 -0.03 0.50 13.20 46.84 17.15 Acceptable
39.63 177.86 12.88 -0.25 0.07 -0.05 -0.02 0.50 13.20 34.17 15.59 Acceptable
37.78 184.30 12.92 -0.28 0.03 -0.05 -0.02 0.50 13.20 29.95 14.29 Acceptable
