15.00 2.00 14.67 0.00 0.00 0.00 0.00 -0.00 14.67 0.00 4.74 Solved
15.00 9.33 14.67 0.00 0.00 -0.00 -0.00 0.00 14.67 0.00 3.97 Solved
15.00 16.67 14.67 0.00 -0.10 0.02 0.01 -0.50 14.56 2.90 31.46 Acceptable
15.00 24.00 14.62 0.01 -1.11 0.11 0.05 -0.50 13.34 115.93 12.18 Acceptable
15.07 31.31 14.06 0.07 -0.97 0.15 0.06 -0.50 13.20 169.32 11.62 Acceptable
15.56 38.34 13.58 0.14 -0.58 0.13 0.06 -0.50 13.20 139.39 20.34 Max-Iter
16.58 45.13 13.29 0.21 -0.27 0.10 0.04 -0.50 13.20 82.90 12.15 Acceptable
18.09 51.77 13.15 0.25 -0.07 0.06 0.03 -0.50 13.20 44.23 11.40 Acceptable
19.96 58.35 13.12 0.28 0.04 0.04 0.02 -0.50 13.26 24.92 11.71 Acceptable
22.05 64.91 13.14 0.30 0.14 0.03 0.01 -0.50 13.40 17.59 15.74 Acceptable
24.29 71.48 13.21 0.32 0.22 0.01 0.01 -0.50 13.55 13.88 17.87 Acceptable
26.63 78.08 13.31 0.32 0.24 0.00 0.00 0.13 13.68 11.31 17.47 Acceptable
29.00 84.74 13.44 0.33 0.31 -0.02 -0.01 0.50 13.87 14.20 15.03 Acceptable
31.40 91.46 13.59 0.31 0.10 -0.09 -0.04 0.50 13.78 58.41 10.47 Acceptable
33.70 98.25 13.64 0.27 -0.21 -0.13 -0.06 0.50 13.47 122.29 10.81 Acceptable
35.68 105.07 13.54 0.20 -0.34 -0.16 -0.07 0.50 13.22 173.13 9.24 Acceptable
37.18 111.84 13.37 0.13 -0.27 -0.15 -0.06 0.50 13.20 170.55 8.99 Acceptable
38.12 118.52 13.23 0.05 -0.01 -0.13 -0.05 0.50 13.30 127.33 10.20 Acceptable
38.48 125.14 13.23 -0.02 0.13 -0.09 -0.04 0.50 13.47 60.41 9.72 Acceptable
38.37 131.76 13.30 -0.06 0.16 -0.05 -0.02 0.50 13.57 28.12 9.14 Acceptable
37.93 138.40 13.38 -0.08 0.17 -0.03 -0.01 0.50 13.65 16.57 9.82 Acceptable
37.31 145.09 13.46 -0.10 0.18 -0.03 -0.01 0.50 13.74 13.14 10.02 Acceptable
36.56 151.82 13.55 -0.11 0.20 -0.01 -0.00 0.50 13.85 8.97 10.85 Acceptable
35.72 158.60 13.65 -0.12 0.19 -0.01 -0.00 0.46 13.93 7.24 12.67 Acceptable
34.85 165.43 13.75 -0.12 0.10 -0.02 -0.01 0.50 13.92 7.70 10.52 Acceptable
33.96 172.30 13.80 -0.13 -0.03 -0.04 -0.02 0.50 13.81 15.73 9.59 Acceptable
32.99 179.20 13.78 -0.15 -0.15 -0.05 -0.02 0.50 13.65 24.33 10.79 Acceptable
31.88 186.09 13.70 -0.18 -0.28 -0.07 -0.03 0.50 13.44 38.83 11.51 Acceptable
