7.00 1.00 14.67 0.08 -0.04 0.04 0.02 -0.10 14.65 6.47 0.83 Solved
7.49 6.85 14.65 0.10 -0.25 0.10 0.04 -0.10 14.51 37.95 0.96 Solved
8.07 12.68 14.55 0.14 0.07 0.13 0.06 -0.10 14.60 65.88 0.89 Solved
8.86 18.45 14.58 0.19 -0.18 -0.02 -0.01 0.10 14.48 2.92 0.93 Solved
9.95 24.17 14.51 0.18 -2.00 -0.35 -0.16 0.10 13.41 618.75 0.84 Solved
10.98 29.89 13.71 0.04 -0.44 -0.33 -0.14 0.10 13.53 458.77 1.12 Solved
11.19 35.36 13.53 -0.09 0.02 -0.18 -0.07 0.10 13.59 134.00 1.23 Solved
10.68 40.75 13.54 -0.16 0.04 -0.10 -0.04 0.10 13.60 47.18 0.69 Solved
9.79 46.10 13.56 -0.21 -0.06 -0.12 -0.05 0.10 13.56 64.68 0.88 Solved
8.69 51.41 13.54 -0.25 -0.27 0.06 0.02 -0.10 13.41 20.65 0.69 Solved
7.33 56.65 13.43 -0.23 -1.57 0.35 0.15 -0.10 13.20 619.20 0.89 Solved
6.10 61.88 12.80 -0.09 0.22 0.31 0.13 -0.10 13.20 423.40 0.74 Solved
5.64 66.98 12.89 0.04 0.37 0.13 0.05 -0.10 13.20 78.79 0.73 Solved
5.82 72.13 13.03 0.09 0.20 0.00 0.00 0.05 13.20 10.20 1.13 Acceptable
6.26 77.33 13.11 0.09 0.12 -0.06 -0.02 0.10 13.22 22.56 1.16 Solved
6.71 82.55 13.16 0.06 0.12 -0.06 -0.03 0.10 13.27 25.90 0.66 Solved
7.04 87.81 13.21 0.04 0.14 -0.05 -0.02 0.10 13.33 19.73 0.88 Solved
7.24 93.09 13.27 0.02 0.16 -0.03 -0.01 0.10 13.39 10.77 0.85 Solved
