7.00 1.00 7.33 0.00 -0.00 0.00 0.00 0.00 7.33 0.00 0.27 Solved
7.00 3.93 7.33 0.00 -0.00 0.00 0.00 0.00 7.33 0.00 0.24 Solved
7.00 6.87 7.33 0.00 -0.00 -0.00 -0.00 0.00 7.33 0.00 0.23 Solved
7.00 9.80 7.33 -0.00 0.00 -0.00 -0.00 -0.00 7.33 0.00 0.24 Solved
7.00 12.73 7.33 -0.00 0.00 0.00 0.00 0.00 7.33 0.00 0.23 Solved
7.00 15.67 7.33 0.00 0.00 -0.00 -0.00 0.00 7.33 0.00 0.26 Solved
7.00 18.60 7.33 0.00 -0.00 0.00 0.00 0.00 7.33 0.00 0.24 Solved
7.00 21.53 7.33 0.00 0.00 0.00 0.00 0.00 7.33 0.00 0.21 Solved
7.00 24.47 7.33 0.12 2.00 0.32 0.07 -0.10 8.80 508.80 2.00 Solved
7.36 27.38 8.13 0.25 -0.61 -0.07 -0.02 0.10 7.76 28.58 1.10 Solved
8.17 30.53 7.89 0.23 -0.85 -0.21 -0.05 0.10 7.42 184.94 0.69 Solved
8.87 33.61 7.55 0.14 -0.16 -0.14 -0.03 0.10 7.47 86.72 0.66 Solved
9.30 36.59 7.49 0.08 0.01 -0.05 -0.01 0.10 7.49 10.60 0.60 Solved
9.56 39.58 7.49 0.06 -0.03 -0.01 -0.00 0.10 7.47 0.70 0.50 Solved
9.75 42.57 7.48 0.06 -0.01 -0.01 -0.00 0.10 7.47 0.48 0.80 Acceptable
9.93 45.55 7.47 0.06 -0.02 -0.00 -0.00 -0.04 7.46 0.11 0.91 Acceptable
10.09 48.54 7.47 0.06 -0.40 0.11 0.03 -0.10 7.24 53.52 0.84 Acceptable
10.26 51.52 7.31 0.10 -0.87 0.12 0.03 -0.10 6.81 68.06 0.70 Solved
10.55 54.43 6.96 0.15 0.26 0.07 0.02 -0.10 7.13 23.74 0.83 Acceptable
10.97 57.18 7.07 0.18 0.03 -0.00 -0.00 0.08 7.09 0.31 1.13 Acceptable
11.47 59.97 7.08 0.18 -2.00 -0.18 -0.04 0.10 5.87 193.22 0.75 Solved
11.97 62.75 6.28 0.11 -2.00 -0.35 -0.07 0.10 5.87 649.73 0.38 Solved
12.23 65.25 5.48 -0.03 -0.17 -0.31 -0.05 0.10 5.87 427.36 0.67 Solved
12.16 67.44 5.41 -0.16 0.50 -0.13 -0.02 0.10 5.87 90.15 0.57 Solved
11.81 69.58 5.61 -0.21 0.28 -0.00 -0.00 0.06 5.87 11.55 0.83 Acceptable
11.34 71.77 5.72 -0.21 0.18 0.00 0.00 -0.07 5.87 9.91 0.89 Solved
10.85 74.01 5.79 -0.21 -0.07 0.10 0.02 -0.10 5.87 47.92 0.60 Solved
10.36 76.27 5.77 -0.17 0.06 0.10 0.02 -0.10 5.87 47.29 0.62 Solved
9.96 78.54 5.79 -0.14 0.15 0.06 0.01 -0.10 5.92 21.85 0.67 Solved
9.65 80.84 5.85 -0.11 0.13 0.02 0.00 -0.10 5.96 10.63 0.64 Solved
9.38 83.16 5.90 -0.10 0.06 0.05 0.01 -0.10 5.98 19.61 0.79 Acceptable
9.13 85.51 5.93 -0.08 0.13 0.05 0.01 -0.10 6.04 16.94 0.69 Solved
8.94 87.87 5.98 -0.06 0.16 0.02 0.00 -0.10 6.10 8.56 0.68 Solved
8.78 90.26 6.04 -0.06 0.14 0.00 0.00 -0.09 6.16 6.35 0.97 Acceptable
8.65 92.67 6.10 -0.06 0.14 0.00 0.00 -0.04 6.21 5.79 0.89 Acceptable
8.51 95.11 6.16 -0.06 0.13 -0.00 -0.00 0.04 6.26 5.28 1.03 Acceptable
