32.00 2.00 14.67 0.00 -0.00 0.00 0.00 0.00 14.67 0.00 8.25 Solved
32.00 9.33 14.67 0.00 0.00 0.00 0.00 0.00 14.67 0.00 5.42 Solved
32.00 16.67 14.67 0.00 0.00 -0.00 -0.00 0.00 14.67 0.00 4.86 Solved
32.00 24.00 14.67 0.00 -0.00 0.00 0.00 0.00 14.67 0.00 4.54 Solved
32.00 31.33 14.67 0.00 -0.00 0.00 0.00 -0.05 14.67 0.00 41.85 Acceptable
32.00 38.67 14.67 0.00 -0.00 0.00 0.00 -0.18 14.67 0.04 12.56 Acceptable
32.00 46.00 14.67 0.00 -0.00 0.00 0.00 -0.18 14.67 0.07 20.74 Acceptable
32.00 53.33 14.67 0.00 -0.00 0.00 0.00 -0.13 14.67 0.08 21.43 Acceptable
32.01 60.67 14.67 0.00 -0.00 0.00 0.00 -0.15 14.67 0.10 14.53 Acceptable
32.03 68.00 14.67 0.00 -0.00 0.00 0.00 -0.46 14.66 0.33 14.82 Acceptable
32.05 75.33 14.66 0.00 -0.17 0.04 0.02 -0.50 14.48 10.32 38.26 Max-Iter
32.08 82.66 14.58 0.02 -0.17 0.04 0.00 0.00 14.39 0.00 1.49 Algorithm-Received
32.25 89.96 14.50 0.04 -0.17 0.04 0.00 0.00 14.31 0.00 1.55 Algorithm-Received
32.57 97.21 14.42 0.06 -0.17 0.04 0.00 0.00 14.23 0.00 1.72 Algorithm-Received
33.02 104.41 14.33 0.08 -0.17 0.04 0.00 0.00 14.14 0.00 1.88 Algorithm-Received
33.61 111.58 14.25 0.10 -0.17 0.04 0.00 0.00 14.06 0.00 2.09 Algorithm-Received
