32.00 2.00 14.67 0.00 -0.00 0.00 0.00 0.00 14.67 0.00 8.69 Solved
32.00 9.33 14.67 0.00 -0.00 -0.00 -0.00 0.00 14.67 0.00 10.43 Solved
32.00 16.67 14.67 0.00 -0.00 -0.00 -0.00 0.14 14.67 0.03 62.20 Max-Iter
32.00 24.00 14.67 -0.00 -0.00 -0.00 -0.00 0.54 14.66 0.40 43.48 Max-Iter
32.00 31.33 14.67 -0.00 -0.01 -0.01 -0.00 0.93 14.65 1.48 22.89 Acceptable
31.98 38.67 14.66 -0.01 -0.02 -0.01 -0.01 1.33 14.63 3.56 24.70 Acceptable
31.95 46.00 14.65 -0.01 -0.02 -0.01 0.00 0.00 14.61 0.00 1.74 Algorithm-Received
31.86 53.32 14.64 -0.02 -0.02 -0.01 0.00 0.00 14.60 0.00 2.07 Algorithm-Received
31.74 60.64 14.62 -0.02 -0.02 -0.01 0.00 0.00 14.59 0.00 2.20 Algorithm-Received
31.57 67.95 14.61 -0.03 -0.02 -0.01 0.00 0.00 14.58 0.00 2.54 Algorithm-Received
31.36 75.25 14.60 -0.03 -0.02 -0.01 0.00 0.00 14.57 0.00 2.73 Algorithm-Received
31.10 82.55 14.59 -0.04 0.13 -0.19 -0.09 0.51 14.82 2000769.40 10.13 Restoration phase f
30.81 89.85 14.65 -0.14 0.13 -0.19 0.00 0.00 14.89 0.00 2.27 Algorithm-Received
29.81 97.17 14.72 -0.23 0.13 -0.19 0.00 0.00 14.95 0.00 3.99 Algorithm-Received
28.11 104.53 14.78 -0.33 0.13 -0.19 0.00 0.00 15.02 0.00 3.77 Algorithm-Received
25.72 111.92 14.84 -0.42 0.13 -0.19 0.00 0.00 15.08 0.00 2.25 Algorithm-Received
22.62 119.34 14.91 -0.52 0.13 -0.19 0.00 0.00 15.14 0.00 2.55 Algorithm-Received
18.82 126.80 14.97 -0.61 0.13 -0.19 0.00 0.00 15.21 0.00 2.27 Algorithm-Received
14.33 134.28 15.04 -0.71 0.13 -0.19 0.00 0.00 15.27 0.00 4.46 Algorithm-Received
9.13 141.80 15.10 -0.80 0.13 -0.19 0.00 0.00 15.34 0.00 4.46 Algorithm-Received
3.24 149.35 15.16 -0.90 0.13 -0.19 0.00 0.00 15.40 0.00 4.49 Algorithm-Received
-3.36 156.93 15.23 -0.99 0.13 -0.19 0.00 0.00 15.46 0.00 4.36 Algorithm-Received
-10.65 164.54 15.29 -1.09 0.13 -0.19 0.00 0.00 15.53 0.00 4.37 Algorithm-Received
-18.64 172.19 15.35 -1.18 0.13 -0.19 0.00 0.00 15.59 0.00 4.51 Algorithm-Received
-27.34 179.87 15.42 -1.28 0.13 -0.19 0.00 0.00 15.65 0.00 4.53 Algorithm-Received
-36.73 187.58 15.48 -1.37 0.13 -0.19 0.00 0.00 15.72 0.00 4.46 Algorithm-Received
-46.82 195.32 15.55 -1.47 0.13 -0.19 0.00 0.00 15.78 0.00 4.47 Algorithm-Received
-57.62 203.09 15.61 -1.56 0.13 -0.19 0.00 0.00 15.85 0.00 4.30 Algorithm-Received
-69.11 210.90 15.67 -1.66 0.13 -0.19 0.00 0.00 15.91 0.00 4.37 Algorithm-Received
-81.30 218.73 15.74 -1.75 0.13 -0.19 0.00 0.00 15.97 0.00 4.35 Algorithm-Received
-94.19 226.60 15.80 -1.85 0.13 -0.19 0.00 0.00 16.04 0.00 4.48 Algorithm-Received
-107.78 234.50 15.87 -1.94 0.13 -0.19 0.00 0.00 16.10 0.00 4.38 Algorithm-Received
