14.00 2.00 14.67 0.00 -0.00 0.00 0.00 0.00 14.67 0.00 5.04 Solved
14.00 9.33 14.67 0.00 -0.00 0.00 0.00 -0.00 14.67 0.00 7.22 Solved
14.00 16.67 14.67 0.00 0.00 -0.00 -0.00 0.00 14.67 0.00 3.67 Solved
14.00 24.00 14.67 0.00 0.00 -0.00 -0.00 0.00 14.67 0.00 2.69 Solved
14.00 31.33 14.67 0.00 -0.18 0.03 0.01 -0.50 14.46 6.16 27.54 Acceptable
14.00 38.67 14.58 0.01 -0.18 0.03 0.00 0.00 14.37 0.00 0.81 Algorithm-Received
14.10 45.95 14.49 0.03 -0.18 0.03 0.00 0.00 14.28 0.00 1.02 Algorithm-Received
14.30 53.20 14.40 0.04 -0.18 0.03 0.00 0.00 14.19 0.00 1.15 Algorithm-Received
14.61 60.40 14.31 0.06 -0.18 0.03 0.00 0.00 14.10 0.00 1.32 Algorithm-Received
15.01 67.55 14.22 0.07 -0.18 0.03 0.00 0.00 14.01 0.00 1.46 Algorithm-Received
