7.00 1.00 7.33 0.08 -0.01 0.01 0.00 -0.10 7.32 0.67 3.24 Acceptable
7.24 3.92 7.33 0.09 -0.03 0.02 0.00 -0.10 7.30 2.35 11.63 Max-Iter
7.50 6.84 7.32 0.10 -0.06 0.03 0.01 -0.10 7.26 6.03 9.28 Acceptable
7.78 9.76 7.29 0.11 -0.23 0.05 0.01 -0.10 7.09 14.04 5.31 Acceptable
8.09 12.66 7.20 0.13 -0.17 0.07 0.01 -0.10 7.07 27.33 3.03 Acceptable
8.45 15.51 7.13 0.15 0.08 0.06 0.01 -0.10 7.23 22.50 11.25 Max-Iter
8.88 18.33 7.17 0.18 0.06 0.03 0.01 -0.10 7.23 5.46 3.84 Acceptable
9.38 21.16 7.19 0.19 -0.04 -0.01 -0.00 0.10 7.16 0.60 8.34 Acceptable
9.92 23.98 7.18 0.19 -1.12 -0.08 -0.02 0.10 6.16 66.60 8.74 Acceptable
10.45 26.81 6.73 0.15 -1.44 -0.14 -0.03 0.10 5.87 155.56 3.53 Acceptable
10.86 29.47 6.15 0.10 -1.00 -0.17 -0.03 0.10 5.87 203.81 4.00 Acceptable
11.10 31.91 5.75 0.03 -0.38 -0.15 -0.03 0.10 5.87 169.05 3.05 Acceptable
