7.00 1.00 7.33 0.08 -0.00 0.00 0.00 -0.06 7.33 0.00 0.74 Acceptable
7.24 3.92 7.33 0.08 -0.00 0.01 0.00 -0.10 7.33 0.12 0.44 Solved
7.49 6.85 7.33 0.09 -0.02 0.02 0.01 -0.10 7.32 2.52 0.47 Solved
7.74 9.77 7.32 0.10 -0.05 0.04 0.01 -0.10 7.30 7.03 0.70 Acceptable
8.02 12.68 7.30 0.11 -0.07 0.06 0.01 -0.10 7.26 14.08 0.51 Solved
8.34 15.59 7.27 0.13 -0.33 0.08 0.02 -0.10 7.09 30.91 0.65 Solved
8.73 18.47 7.14 0.17 -0.32 0.11 0.02 -0.10 6.96 47.34 1.42 Acceptable
9.21 21.29 7.01 0.21 0.20 0.05 0.01 -0.10 7.14 10.70 0.56 Solved
9.80 24.03 7.09 0.23 0.03 0.00 0.00 0.02 7.11 0.25 0.89 Acceptable
10.45 26.79 7.10 0.23 -1.16 -0.10 -0.02 0.10 6.44 55.65 0.73 Solved
11.10 29.56 6.64 0.19 -2.00 -0.32 -0.07 0.10 5.87 466.77 0.59 Solved
11.61 32.16 5.84 0.07 -1.24 -0.32 -0.06 0.10 5.87 464.16 0.55 Solved
11.76 34.49 5.34 -0.06 0.21 -0.23 -0.04 0.10 5.87 229.66 0.44 Solved
11.63 36.62 5.43 -0.15 0.43 -0.09 -0.01 0.10 5.87 47.69 0.65 Solved
11.30 38.77 5.60 -0.19 0.29 -0.04 -0.01 0.10 5.87 17.19 0.72 Solved
10.88 40.97 5.72 -0.20 0.19 -0.00 -0.00 0.09 5.87 9.98 0.86 Acceptable
10.42 43.21 5.79 -0.20 0.17 -0.00 -0.00 0.10 5.92 9.13 0.81 Solved
9.96 45.48 5.86 -0.20 0.15 -0.01 -0.00 0.10 5.98 8.99 0.61 Solved
9.49 47.77 5.92 -0.21 0.15 -0.03 -0.01 0.10 6.04 11.41 0.77 Acceptable
9.00 50.09 5.98 -0.22 0.08 -0.02 -0.00 0.10 6.06 9.42 0.48 Solved
8.47 52.42 6.01 -0.23 0.12 -0.06 -0.01 0.10 6.12 19.77 0.59 Solved
7.92 54.76 6.06 -0.25 -0.00 -0.09 -0.02 0.10 6.10 41.72 0.72 Solved
7.32 57.11 6.06 -0.29 0.14 -0.00 -0.00 0.10 6.17 6.21 0.62 Solved
6.62 59.43 6.12 -0.29 -1.18 0.11 0.02 -0.10 5.87 78.76 0.64 Solved
5.92 61.78 5.64 -0.25 -1.31 0.31 0.05 -0.10 5.87 456.25 0.72 Acceptable
