7.00 1.00 7.33 0.08 0.00 0.00 -0.02 0.03 0.00 -0.10 7.31 2.68 3.53 Acceptable
7.24 3.92 7.33 0.08 -0.01 0.01 -0.04 0.03 0.00 -0.10 7.28 4.24 5.42 Acceptable
7.49 6.85 7.33 0.09 -0.03 0.02 -0.05 0.04 0.01 -0.10 7.24 6.12 4.15 Solved
7.74 9.77 7.32 0.10 -0.04 0.04 -0.19 0.05 0.01 -0.10 7.06 11.26 4.18 Acceptable
8.02 12.68 7.30 0.11 -0.12 0.06 -0.16 0.05 0.01 -0.10 6.92 13.35 2.21 Solved
8.35 15.58 7.25 0.13 -0.19 0.08 0.05 0.00 0.02 -0.07 6.94 0.51 9.13 Acceptable
8.74 18.46 7.18 0.17 -0.17 0.08 -0.09 -0.04 0.02 0.10 6.77 8.39 3.53 Acceptable
9.21 21.29 7.11 0.20 -0.20 0.06 -0.92 -0.15 0.01 0.10 5.89 109.93 2.88 Solved
9.78 24.08 7.03 0.22 -0.57 0.00 -1.10 -0.31 0.00 0.10 5.87 444.72 3.40 Acceptable
10.40 26.82 6.80 0.23 -1.01 -0.12 0.28 -0.25 -0.03 0.10 5.87 304.26 3.44 Acceptable
11.01 29.47 6.40 0.18 -0.90 -0.22 0.98 -0.09 -0.04 0.10 5.87 65.31 2.61 Solved
11.46 31.99 6.04 0.09 -0.51 -0.26 0.73 0.02 -0.05 -0.10 5.87 24.31 2.68 Acceptable
11.67 34.40 5.84 -0.02 -0.21 -0.25 0.32 0.18 -0.05 -0.10 5.87 147.75 2.48 Solved
11.63 36.73 5.75 -0.12 -0.08 -0.18 0.13 0.21 -0.03 -0.10 5.87 208.94 2.80 Acceptable
11.36 39.02 5.72 -0.19 -0.03 -0.09 0.17 0.15 -0.02 -0.10 5.87 109.99 2.59 Solved
10.94 41.27 5.70 -0.23 0.04 -0.03 0.23 0.09 -0.01 -0.10 6.02 45.84 2.42 Acceptable
10.42 43.49 5.72 -0.24 0.13 -0.00 0.20 0.02 -0.00 -0.10 6.18 14.84 2.72 Acceptable
9.88 45.71 5.77 -0.24 0.21 0.01 0.18 0.00 0.00 -0.07 6.37 10.70 4.79 Acceptable
9.33 47.95 5.85 -0.24 0.28 0.01 0.15 -0.00 0.00 0.08 6.56 8.58 11.04 Max-Iter
8.78 50.23 5.96 -0.23 0.34 0.01 -0.16 -0.09 0.00 0.10 6.52 44.67 2.61 Acceptable
8.23 52.55 6.10 -0.23 0.27 -0.03 0.12 0.00 -0.01 0.05 6.77 5.60 11.00 Max-Iter
7.67 54.93 6.21 -0.24 0.32 -0.03 -1.36 0.17 -0.01 -0.10 5.87 146.22 4.02 Acceptable
7.08 57.34 6.34 -0.25 -0.22 0.04 -0.81 0.26 0.01 -0.10 5.87 310.76 2.86 Acceptable
6.44 59.79 6.25 -0.24 -0.55 0.14 0.15 0.21 0.03 -0.10 5.87 200.75 2.64 Acceptable
5.86 62.22 6.03 -0.18 -0.48 0.22 0.67 0.05 0.04 -0.10 5.87 30.80 3.19 Acceptable
5.42 64.59 5.84 -0.09 -0.22 0.24 0.36 -0.07 0.04 0.10 5.87 36.89 2.35 Solved
5.21 66.92 5.75 0.01 -0.07 0.21 0.05 -0.22 0.04 0.10 5.87 211.82 2.65 Solved
5.22 69.22 5.72 0.09 -0.05 0.13 0.07 -0.21 0.02 0.10 5.87 195.77 2.11 Solved
5.43 71.50 5.70 0.14 -0.02 0.05 0.07 -0.15 0.01 0.10 5.87 107.80 2.77 Acceptable
5.75 73.76 5.70 0.16 0.01 -0.01 0.05 -0.12 -0.00 0.10 5.87 75.75 2.66 Acceptable
6.12 76.01 5.70 0.16 0.03 -0.06 0.16 -0.05 -0.01 0.10 5.94 26.70 2.97 Solved
6.48 78.26 5.71 0.13 0.09 -0.08 0.21 -0.00 -0.01 0.08 6.11 13.42 4.15 Acceptable
6.78 80.53 5.75 0.10 0.18 -0.08 0.19 -0.00 -0.01 -0.05 6.29 11.50 7.60 Acceptable
7.00 82.81 5.82 0.07 0.25 -0.08 0.08 0.05 -0.01 -0.10 6.41 19.74 2.33 Acceptable
7.16 85.13 5.92 0.03 0.28 -0.06 0.07 0.07 -0.01 -0.10 6.56 29.94 2.50 Acceptable
7.24 87.50 6.03 0.01 0.31 -0.03 0.10 0.05 -0.01 -0.10 6.76 18.17 2.78 Acceptable
