7.00 1.00 7.33 0.00 -0.00 0.00 0.00 0.00 7.33 0.00 2.48 Solved
7.00 3.93 7.33 0.00 0.00 0.00 0.00 -0.00 7.33 0.00 2.71 Solved
7.00 6.87 7.33 0.00 0.00 0.00 0.00 0.00 7.33 0.00 2.54 Solved
7.00 9.80 7.33 0.00 -0.00 -0.00 -0.00 0.00 7.33 0.00 2.88 Solved
7.00 12.73 7.33 0.00 -0.00 -0.00 -0.00 0.00 7.33 0.00 2.65 Solved
7.00 15.67 7.33 0.00 -0.00 -0.00 -0.00 0.00 7.33 0.00 2.50 Solved
7.00 18.60 7.33 0.00 0.00 -0.00 -0.00 0.00 7.33 0.00 2.60 Solved
7.00 21.53 7.33 0.00 -0.00 -0.00 -0.00 0.00 7.33 0.00 2.40 Solved
7.00 24.47 7.33 -0.00 -0.00 0.00 0.00 -0.00 7.33 0.00 2.44 Solved
7.00 27.40 7.33 -0.00 -0.00 0.00 0.00 -0.00 7.33 0.00 2.77 Solved
7.00 30.33 7.33 -0.00 -0.00 0.00 0.00 -0.00 7.33 0.00 2.62 Solved
7.00 33.27 7.33 -0.00 0.00 0.00 0.00 -0.00 7.33 0.00 2.42 Solved
7.00 36.20 7.33 -0.00 -0.00 -0.00 -0.00 -0.00 7.33 0.00 2.53 Solved
7.00 39.13 7.33 -0.00 -0.00 -0.00 -0.00 -0.00 7.33 0.00 2.91 Solved
7.00 42.07 7.33 -0.00 -0.00 0.00 0.00 -0.00 7.33 0.00 2.41 Solved
7.00 45.00 7.33 -0.00 -0.00 0.00 0.00 -0.00 7.33 0.00 2.53 Solved
7.00 47.93 7.33 -0.00 0.00 0.00 0.00 -0.00 7.33 0.00 2.58 Solved
7.00 50.87 7.33 -0.00 0.00 0.00 0.00 -0.00 7.33 0.00 2.67 Solved
7.00 53.80 7.33 -0.00 0.00 0.00 0.00 -0.00 7.33 0.00 2.44 Solved
7.00 56.73 7.33 0.00 0.00 0.00 0.00 -0.00 7.33 0.00 2.56 Solved
7.00 59.67 7.33 0.00 -0.00 0.00 0.00 0.00 7.33 0.00 5.35 Acceptable
7.00 62.60 7.33 0.00 0.00 -0.00 -0.00 0.00 7.33 0.00 4.10 Solved
7.00 65.53 7.33 0.00 0.00 -0.00 -0.00 0.00 7.33 0.00 3.79 Solved
7.00 68.47 7.33 0.00 0.00 -0.00 -0.00 0.00 7.33 0.00 2.57 Solved
7.00 71.40 7.33 0.00 0.00 -0.00 -0.00 0.00 7.33 0.00 2.41 Solved
7.00 74.33 7.33 0.00 0.00 -0.00 -0.00 0.00 7.33 0.00 2.45 Solved
7.00 77.27 7.33 0.00 0.00 -0.00 -0.00 0.00 7.33 0.00 2.57 Solved
7.00 80.20 7.33 0.00 0.00 -0.00 -0.00 0.00 7.33 0.00 2.93 Solved
7.00 83.13 7.33 0.00 0.00 -0.00 -0.00 0.00 7.33 0.00 2.43 Solved
7.00 86.07 7.33 0.00 -0.00 -0.00 -0.00 0.00 7.33 0.00 2.77 Solved
