7.00 1.00 7.33 0.08 -0.00 0.00 0.00 -0.06 7.33 0.00 0.74 Acceptable
7.24 3.92 7.33 0.08 -0.00 0.01 0.00 -0.10 7.33 0.12 0.52 Solved
7.49 6.85 7.33 0.09 -0.02 0.02 0.01 -0.10 7.32 2.52 0.54 Solved
7.74 9.77 7.32 0.10 -0.05 0.04 0.01 -0.10 7.30 7.03 0.76 Acceptable
8.02 12.68 7.30 0.11 -0.07 0.06 0.01 -0.10 7.26 14.08 0.57 Solved
8.34 15.59 7.27 0.13 -0.33 0.08 0.02 -0.10 7.09 30.91 0.77 Solved
8.73 18.47 7.14 0.17 -0.32 0.11 0.02 -0.10 6.96 47.34 1.51 Acceptable
9.21 21.29 7.01 0.21 0.20 0.05 0.01 -0.10 7.14 10.70 0.59 Solved
9.80 24.03 7.09 0.23 0.03 0.00 0.00 0.02 7.11 0.25 0.98 Acceptable
10.45 26.79 7.10 0.23 -1.16 -0.10 -0.02 0.10 6.44 55.65 0.80 Solved
11.10 29.56 6.64 0.19 -2.00 -0.32 -0.07 0.10 5.87 466.77 0.66 Solved
11.61 32.16 5.84 0.07 -1.24 -0.32 -0.06 0.10 5.87 464.16 0.60 Solved
11.76 34.49 5.34 -0.06 0.21 -0.23 -0.04 0.10 5.87 229.66 0.48 Solved
11.63 36.62 5.43 -0.15 0.43 -0.09 -0.01 0.10 5.87 47.69 0.75 Solved
11.30 38.77 5.60 -0.19 0.29 -0.04 -0.01 0.10 5.87 17.19 0.82 Solved
10.88 40.97 5.72 -0.20 0.19 -0.00 -0.00 0.09 5.87 9.98 0.95 Acceptable
10.42 43.21 5.79 -0.20 0.17 -0.00 -0.00 0.10 5.92 9.13 0.91 Solved
9.96 45.48 5.86 -0.20 0.15 -0.01 -0.00 0.10 5.98 8.99 0.70 Solved
9.49 47.77 5.92 -0.21 0.15 -0.03 -0.01 0.10 6.04 11.41 0.86 Acceptable
9.00 50.09 5.98 -0.22 0.08 -0.02 -0.00 0.10 6.06 9.42 0.52 Solved
8.47 52.42 6.01 -0.23 0.12 -0.06 -0.01 0.10 6.12 19.77 0.64 Solved
7.92 54.76 6.06 -0.25 -0.00 -0.09 -0.02 0.10 6.10 41.72 0.80 Solved
7.32 57.11 6.06 -0.29 0.14 -0.00 -0.00 0.10 6.17 6.21 0.69 Solved
6.62 59.43 6.12 -0.29 -1.18 0.11 0.02 -0.10 5.87 78.76 0.71 Solved
5.92 61.78 5.64 -0.25 -1.31 0.31 0.05 -0.10 5.87 456.25 0.78 Acceptable
5.37 63.96 5.12 -0.12 -0.80 0.30 0.05 -0.10 5.87 452.08 0.48 Solved
5.12 66.00 4.80 0.00 0.42 0.24 0.04 -0.10 5.87 288.32 0.48 Solved
5.12 67.92 4.97 0.10 0.84 0.12 0.02 -0.10 5.87 95.63 0.57 Solved
5.31 69.90 5.31 0.15 0.54 0.00 0.00 -0.06 5.87 18.84 1.06 Acceptable
5.62 72.00 5.52 0.15 0.35 -0.00 -0.00 0.04 5.87 13.25 0.88 Acceptable
5.94 74.18 5.66 0.15 0.21 -0.02 -0.00 0.10 5.87 12.13 0.43 Solved
6.27 76.42 5.75 0.14 0.02 -0.06 -0.01 0.10 5.87 25.48 0.75 Acceptable
6.59 78.70 5.76 0.11 0.04 -0.10 -0.02 0.10 5.87 50.07 0.66 Solved
6.86 80.99 5.77 0.07 0.12 -0.07 -0.01 0.10 5.88 29.11 0.58 Solved
7.03 83.29 5.82 0.05 0.15 -0.04 -0.01 0.10 5.94 14.92 0.68 Solved
7.14 85.61 5.88 0.03 0.16 -0.02 -0.00 0.10 6.01 9.74 0.72 Solved
7.21 87.96 5.94 0.02 0.15 -0.01 -0.00 0.10 6.06 8.03 0.55 Solved
7.26 90.34 6.00 0.02 0.14 -0.01 -0.00 0.10 6.12 7.42 0.77 Acceptable
7.31 92.74 6.06 0.01 0.14 -0.01 -0.00 0.10 6.17 7.08 0.66 Solved
7.34 95.16 6.11 0.01 0.13 -0.01 -0.00 0.10 6.22 6.53 0.50 Solved
7.36 97.61 6.17 0.00 0.13 -0.01 -0.00 0.10 6.27 5.54 0.79 Acceptable
7.36 100.08 6.22 -0.00 0.12 -0.00 -0.00 0.10 6.32 4.75 0.56 Solved
