7.00 1.00 7.33 0.12 0.00 0.00 -0.06 -0.03 0.00 0.10 7.24 6.07 18.27 Acceptable
7.36 3.91 7.33 0.12 -0.02 -0.01 -0.03 -0.03 -0.00 0.10 7.24 4.14 6.82 Acceptable
7.72 6.82 7.32 0.12 -0.03 -0.02 0.00 -0.02 -0.01 0.10 7.25 1.94 6.62 Acceptable
8.07 9.73 7.31 0.11 -0.03 -0.03 0.02 -0.01 -0.01 0.10 7.26 0.56 7.52 Acceptable
8.38 12.64 7.30 0.10 -0.03 -0.04 0.02 -0.00 -0.01 0.10 7.27 0.11 10.71 Acceptable
8.66 15.54 7.29 0.08 -0.02 -0.04 0.02 -0.00 -0.01 0.03 7.28 0.10 13.64 Acceptable
8.90 18.45 7.28 0.07 -0.01 -0.04 0.02 -0.00 -0.01 -0.10 7.29 0.11 9.74 Acceptable
9.10 21.36 7.28 0.05 -0.00 -0.04 -0.01 0.02 -0.01 -0.10 7.26 1.70 8.26 Acceptable
9.25 24.26 7.27 0.04 -0.01 -0.03 -0.03 0.03 -0.01 -0.10 7.21 4.59 11.52 Acceptable
9.36 27.17 7.27 0.03 -0.02 -0.02 -0.02 0.03 -0.00 -0.10 7.20 6.57 7.44 Acceptable
9.44 30.08 7.26 0.02 -0.02 -0.00 0.01 0.02 -0.00 -0.10 7.23 2.84 12.72 Acceptable
9.49 32.98 7.26 0.02 -0.02 0.00 -0.01 0.02 0.00 -0.10 7.19 2.68 27.11 Acceptable
9.54 35.88 7.25 0.02 -0.03 0.01 -0.13 0.03 0.00 -0.10 6.97 6.34 27.76 Max-Iter
9.60 38.78 7.24 0.02 -0.08 0.03 -0.08 0.04 0.01 -0.10 6.92 8.15 17.64 Acceptable
9.67 41.68 7.21 0.04 -0.11 0.04 -0.06 0.05 0.01 -0.10 6.86 13.08 16.15 Acceptable
9.77 44.56 7.16 0.05 -0.13 0.06 0.10 0.00 0.01 -0.07 7.01 0.95 20.05 Acceptable
9.92 47.42 7.11 0.08 -0.09 0.06 -0.12 -0.03 0.01 0.10 6.66 5.76 12.76 Acceptable
10.14 50.26 7.07 0.10 -0.14 0.05 -0.74 -0.09 0.01 0.10 5.87 56.45 10.50 Acceptable
10.42 53.07 7.02 0.12 -0.44 0.01 -0.42 -0.14 0.00 0.10 5.87 123.72 26.72 Max-Iter
10.75 55.86 6.84 0.13 -0.60 -0.04 0.08 -0.12 -0.01 0.10 5.87 97.80 19.05 Acceptable
11.09 58.57 6.60 0.11 -0.57 -0.09 0.36 -0.07 -0.02 0.10 5.87 41.02 11.66 Acceptable
11.38 61.20 6.37 0.07 -0.43 -0.12 0.44 -0.01 -0.02 0.10 6.10 18.33 26.69 Max-Iter
11.56 63.74 6.20 0.02 -0.25 -0.12 0.33 0.01 -0.02 -0.10 6.16 16.82 26.27 Max-Iter
11.63 66.22 6.10 -0.02 -0.12 -0.12 0.16 0.06 -0.02 -0.10 6.09 32.99 26.77 Max-Iter
