7.00 1.00 7.33 0.00 0.00 0.00 -0.00 -0.00 0.00 0.00 7.33 0.00 0.27 Solved
7.00 3.93 7.33 0.00 -0.00 -0.00 -0.00 -0.00 -0.00 0.00 7.33 0.00 0.26 Solved
7.00 6.87 7.33 -0.00 -0.00 -0.00 -0.00 -0.00 -0.00 0.00 7.33 0.00 0.24 Solved
7.00 9.80 7.33 -0.00 -0.00 -0.00 -0.00 -0.00 -0.00 0.00 7.33 0.00 0.22 Solved
7.00 12.73 7.33 -0.00 -0.00 -0.00 -0.00 -0.00 -0.00 0.00 7.33 0.00 0.22 Solved
7.00 15.67 7.33 -0.00 -0.00 -0.00 -0.00 -0.00 -0.00 0.00 7.33 0.00 0.23 Solved
7.00 18.60 7.33 -0.00 -0.00 -0.00 -0.00 -0.00 -0.00 0.00 7.33 0.00 0.26 Solved
7.00 21.53 7.33 -0.00 -0.00 -0.00 0.00 -0.00 -0.00 0.00 7.33 0.00 0.20 Solved
7.00 24.47 7.33 -0.00 -0.00 -0.00 0.00 -0.00 -0.00 0.00 7.33 0.00 0.23 Solved
7.00 27.40 7.33 -0.00 -0.00 -0.00 -0.00 -0.00 -0.00 0.00 7.33 0.00 0.23 Solved
7.00 30.33 7.33 -0.00 -0.00 -0.00 -0.00 -0.00 -0.00 0.00 7.33 0.00 0.23 Solved
7.00 33.27 7.33 -0.00 -0.00 -0.00 -0.00 -0.00 -0.00 0.00 7.33 0.00 0.23 Solved
7.00 36.20 7.33 -0.00 -0.00 -0.00 0.00 -0.00 -0.00 0.00 7.33 0.00 0.22 Solved
7.00 39.13 7.33 -0.00 -0.00 -0.00 -0.00 -0.00 -0.00 0.00 7.33 0.00 0.24 Solved
7.00 42.07 7.33 -0.00 -0.00 -0.00 -0.00 -0.00 -0.00 0.00 7.33 0.00 0.21 Solved
7.00 45.00 7.33 -0.00 -0.00 -0.00 -0.00 -0.00 -0.00 0.00 7.33 0.00 0.23 Solved
7.00 47.93 7.33 -0.00 -0.00 -0.00 -0.00 -0.00 -0.00 0.00 7.33 0.00 0.24 Solved
7.00 50.87 7.33 -0.00 -0.00 -0.00 -0.00 -0.00 -0.00 0.00 7.33 0.00 0.24 Solved
7.00 53.80 7.33 -0.00 -0.00 -0.00 0.00 -0.00 -0.00 -0.00 7.33 0.00 0.23 Solved
7.00 56.73 7.33 -0.00 0.00 -0.00 0.00 0.00 -0.00 -0.00 7.33 0.00 0.24 Solved
7.00 59.67 7.33 -0.00 0.00 -0.00 -0.00 0.00 -0.00 -0.00 7.33 0.00 0.23 Solved
7.00 62.60 7.33 -0.00 0.00 -0.00 -0.00 0.00 -0.00 -0.00 7.33 0.00 0.22 Solved
7.00 65.53 7.33 -0.00 0.00 -0.00 -0.00 0.00 -0.00 -0.00 7.33 0.00 0.23 Solved
7.00 68.47 7.33 -0.00 0.00 -0.00 -0.00 0.00 -0.00 -0.00 7.33 0.00 0.24 Solved
7.00 71.40 7.33 -0.00 0.00 -0.00 -0.00 0.00 -0.00 -0.00 7.33 0.00 0.23 Solved
7.00 74.33 7.33 -0.00 0.00 -0.00 -0.00 0.00 -0.00 -0.00 7.33 0.00 0.22 Solved
7.00 77.27 7.33 -0.00 0.00 -0.00 -0.00 0.00 -0.00 -0.00 7.33 0.00 0.23 Solved
7.00 80.20 7.33 -0.00 0.00 -0.00 -0.00 0.00 -0.00 -0.00 7.33 0.00 0.25 Solved
7.00 83.13 7.33 -0.00 0.00 -0.00 -0.00 0.00 -0.00 -0.00 7.33 0.00 0.21 Solved
7.00 86.07 7.33 -0.00 0.00 -0.00 -0.00 0.00 -0.00 -0.00 7.33 0.00 0.21 Solved
7.00 89.00 7.33 -0.00 0.00 -0.00 -0.00 0.00 -0.00 -0.00 7.33 0.00 0.24 Solved
7.00 91.93 7.33 -0.00 0.00 -0.00 -0.00 0.00 -0.00 -0.00 7.33 0.00 0.20 Solved
7.00 94.87 7.33 -0.00 0.00 -0.00 -0.00 0.00 -0.00 -0.00 7.33 0.00 0.23 Solved
7.00 97.80 7.33 -0.00 0.00 -0.00 -0.00 0.00 -0.00 -0.00 7.33 0.00 0.21 Solved
7.00 100.73 7.33 -0.00 0.00 -0.00 -0.00 0.00 -0.00 -0.00 7.33 0.00 0.22 Solved
7.00 103.67 7.33 -0.00 0.00 -0.00 -0.00 0.00 -0.00 -0.00 7.33 0.00 0.21 Solved
