7.00 1.00 7.33 0.08 0.00 0.00 -0.06 0.04 0.00 -0.10 7.24 8.63 9.85 Acceptable
7.24 3.92 7.33 0.08 -0.03 0.02 -0.13 0.04 0.00 -0.10 7.05 7.76 12.23 Acceptable
7.49 6.85 7.32 0.09 -0.08 0.03 -0.08 0.04 0.01 -0.10 6.98 8.43 28.74 Max-Iter
7.75 9.76 7.29 0.10 -0.11 0.05 0.08 0.02 0.01 -0.10 7.16 2.90 29.36 Max-Iter
8.05 12.67 7.25 0.12 -0.08 0.05 0.06 0.00 0.01 0.02 7.15 0.33 21.03 Acceptable
8.39 15.54 7.22 0.14 -0.06 0.05 -0.30 -0.03 0.01 0.10 6.55 9.69 28.30 Max-Iter
8.80 18.40 7.19 0.16 -0.17 0.04 -0.72 -0.10 0.01 0.10 5.87 67.57 10.00 Acceptable
9.27 21.24 7.12 0.18 -0.46 0.00 -0.45 -0.14 0.00 0.10 5.87 114.46 7.59 Acceptable
9.78 24.04 6.94 0.18 -0.64 -0.05 0.05 -0.12 -0.01 0.10 5.87 96.76 26.57 Max-Iter
10.28 26.77 6.68 0.16 -0.62 -0.10 0.31 -0.08 -0.02 0.10 5.87 48.76 15.26 Acceptable
10.71 29.41 6.44 0.12 -0.50 -0.13 0.42 -0.03 -0.03 0.10 5.96 23.36 10.89 Acceptable
11.01 31.97 6.24 0.07 -0.33 -0.15 0.42 -0.00 -0.03 -0.01 6.15 16.85 14.51 Acceptable
11.18 34.46 6.10 0.01 -0.16 -0.15 0.34 0.02 -0.03 -0.10 6.30 17.34 12.91 Acceptable
11.19 36.90 6.04 -0.05 -0.03 -0.14 0.30 0.05 -0.03 -0.10 6.52 24.33 24.58 Acceptable
11.07 39.31 6.03 -0.11 0.09 -0.12 0.23 0.06 -0.02 -0.10 6.71 29.06 16.07 Acceptable
10.82 41.71 6.07 -0.15 0.19 -0.09 0.19 0.05 -0.02 -0.10 6.93 20.63 7.85 Acceptable
10.45 44.11 6.14 -0.19 0.26 -0.07 0.18 0.03 -0.01 -0.10 7.20 10.58 9.93 Acceptable
9.99 46.52 6.25 -0.22 0.34 -0.06 0.03 0.04 -0.01 -0.10 7.06 12.41 26.14 Max-Iter
9.44 48.96 6.38 -0.25 0.35 -0.05 -0.87 0.07 -0.01 -0.10 5.87 49.82 26.77 Max-Iter
8.82 51.43 6.52 -0.26 -0.00 -0.02 -0.74 0.12 -0.00 -0.10 5.87 97.25 26.43 Max-Iter
8.14 53.95 6.52 -0.27 -0.30 0.03 -0.40 0.14 0.01 -0.10 5.87 120.30 13.14 Acceptable
7.44 56.46 6.40 -0.26 -0.46 0.08 0.04 0.11 0.02 -0.10 5.87 91.09 13.04 Acceptable
6.79 58.94 6.22 -0.23 -0.44 0.13 0.40 0.06 0.03 -0.10 5.91 37.89 24.80 Acceptable
6.23 61.36 6.04 -0.17 -0.28 0.15 0.44 0.00 0.03 -0.08 6.13 19.20 19.60 Acceptable
5.81 63.74 5.93 -0.11 -0.11 0.15 0.34 -0.02 0.03 0.10 6.29 19.03 9.84 Acceptable
5.55 66.10 5.89 -0.05 0.03 0.15 0.13 -0.06 0.03 0.10 6.19 34.45 26.10 Max-Iter
5.43 68.45 5.90 0.01 0.08 0.12 -0.11 -0.09 0.02 0.10 5.96 58.16 13.83 Acceptable
5.44 70.81 5.93 0.06 0.04 0.09 -0.05 -0.09 0.02 0.10 6.01 64.61 11.74 Acceptable
5.58 73.18 5.95 0.09 0.02 0.05 0.08 -0.08 0.01 0.10 6.22 53.41 11.57 Acceptable
5.79 75.55 5.95 0.11 0.05 0.01 0.17 -0.07 0.00 0.10 6.47 36.14 17.70 Acceptable
6.05 77.91 5.97 0.12 0.12 -0.01 0.20 -0.04 -0.00 0.10 6.71 21.26 9.55 Acceptable
6.32 80.29 6.02 0.11 0.20 -0.03 0.19 -0.03 -0.01 0.10 6.93 11.81 8.27 Acceptable
6.59 82.68 6.10 0.10 0.27 -0.04 0.15 -0.01 -0.01 0.10 7.13 6.70 26.51 Max-Iter
6.83 85.11 6.21 0.08 0.33 -0.04 0.10 -0.00 -0.01 0.09 7.30 4.20 9.93 Acceptable
