7.00 1.00 7.33 0.08 -0.16 0.04 0.01 -0.10 7.12 21.11 38.42 Acceptable
7.24 3.92 7.27 0.10 -0.02 0.04 0.01 -0.10 7.28 21.00 26.22 Acceptable
7.54 6.82 7.26 0.12 0.06 0.04 0.01 -0.10 7.38 14.14 52.68 Acceptable
7.88 9.70 7.29 0.13 0.09 0.01 0.00 -0.10 7.44 2.45 37.51 Acceptable
8.26 12.59 7.32 0.14 -0.14 -0.01 -0.00 0.10 7.10 4.55 62.07 Max-Iter
8.66 15.49 7.27 0.13 -0.39 -0.03 -0.01 0.10 6.67 22.41 35.79 Acceptable
9.04 18.37 7.11 0.12 -0.43 -0.05 -0.01 0.11 6.49 43.97 60.50 Max-Iter
9.38 21.20 6.94 0.10 -0.47 -0.06 -0.01 0.10 6.30 62.77 46.32 Acceptable
9.66 23.96 6.75 0.08 -0.32 -0.07 -0.01 0.10 6.37 74.50 57.11 Max-Iter
9.87 26.65 6.62 0.05 -0.32 -0.07 -0.01 0.10 6.26 80.36 58.95 Max-Iter
10.00 29.30 6.50 0.02 -0.29 -0.18 -0.04 0.10 8.80 535.81 58.14 Max-Iter
10.06 31.89 6.38 -0.05 0.08 -0.04 -0.01 0.10 6.57 38.96 41.92 Acceptable
9.93 34.44 6.41 -0.06 -0.05 -0.04 -0.01 0.10 6.41 42.35 58.66 Max-Iter
9.77 37.00 6.39 -0.08 -0.04 -0.05 -0.01 0.10 6.43 45.07 57.74 Max-Iter
9.56 39.55 6.38 -0.10 -0.10 -0.06 -0.01 0.10 6.32 51.98 41.55 Acceptable
9.30 42.09 6.34 -0.12 0.54 -0.04 -0.01 0.10 7.28 31.81 59.81 Acceptable
8.99 44.60 6.55 -0.14 0.27 -0.01 -0.00 0.10 7.03 9.79 59.74 Max-Iter
8.63 47.20 6.66 -0.14 0.03 0.01 0.00 -0.10 6.74 9.72 34.79 Acceptable
8.25 49.84 6.67 -0.14 -0.22 0.03 0.01 -0.10 6.40 25.09 54.95 Acceptable
7.88 52.48 6.58 -0.13 -0.14 0.05 0.01 -0.10 6.47 40.17 57.91 Max-Iter
7.55 55.09 6.53 -0.11 -0.08 0.05 0.01 -0.10 6.49 48.10 57.68 Max-Iter
7.26 57.69 6.49 -0.09 2.00 0.06 0.01 -0.08 7.04 221.83 60.28 Max-Iter
7.03 60.27 7.29 -0.07 -0.01 0.05 0.01 -0.10 7.31 41.70 63.22 Max-Iter
6.84 63.19 7.29 -0.04 0.01 0.04 0.01 -0.10 7.32 30.04 33.34 Acceptable
6.71 66.10 7.29 -0.03 0.01 0.04 0.01 -0.10 7.33 19.77 63.46 Max-Iter
6.64 69.01 7.30 -0.01 0.02 0.03 0.01 -0.10 7.34 11.09 43.34 Acceptable
6.60 71.93 7.30 -0.00 0.02 0.02 0.00 -0.10 7.34 5.29 21.06 Acceptable
6.60 74.85 7.31 0.01 0.01 0.01 0.00 -0.10 7.34 2.30 28.42 Acceptable
6.62 77.78 7.32 0.01 0.01 0.01 0.00 -0.10 7.33 1.11 19.67 Acceptable
6.66 80.71 7.32 0.02 0.00 0.00 0.00 -0.10 7.33 0.81 61.46 Acceptable
