7.00 1.00 7.33 0.12 -0.05 -0.02 -0.00 0.10 7.27 3.94 26.82 Acceptable
7.36 3.91 7.31 0.11 -0.05 -0.03 -0.01 0.10 7.26 5.79 9.85 Acceptable
7.70 6.82 7.29 0.10 -0.04 -0.03 -0.01 0.10 7.25 6.76 10.39 Acceptable
8.00 9.72 7.28 0.09 -0.03 -0.03 -0.01 0.10 7.25 6.87 28.47 Max-Iter
8.27 12.62 7.26 0.08 -0.02 -0.03 -0.01 0.10 7.25 6.33 9.21 Acceptable
8.51 15.51 7.26 0.07 -0.01 -0.02 -0.01 0.10 7.26 5.29 11.00 Acceptable
8.72 18.41 7.25 0.06 0.01 -0.02 -0.00 0.10 7.27 3.88 11.75 Acceptable
8.89 21.30 7.26 0.05 0.02 -0.02 -0.00 0.10 7.29 2.20 9.04 Acceptable
9.04 24.20 7.26 0.05 0.02 -0.01 -0.00 0.10 7.30 0.68 11.93 Acceptable
9.18 27.10 7.27 0.04 0.01 -0.00 -0.00 0.08 7.29 0.17 27.89 Max-Iter
9.30 30.01 7.28 0.04 0.01 -0.00 -0.00 0.07 7.30 0.17 9.50 Acceptable
9.43 32.92 7.28 0.04 0.01 -0.00 -0.00 -0.04 7.30 0.17 5.61 Acceptable
9.55 35.83 7.29 0.04 -0.08 0.01 0.00 -0.10 7.19 2.24 24.83 Acceptable
9.67 38.74 7.26 0.05 -0.14 0.03 0.01 -0.10 7.09 8.78 14.07 Acceptable
9.81 41.64 7.20 0.06 -0.23 0.05 0.01 -0.10 6.93 23.78 19.14 Acceptable
9.98 44.51 7.11 0.08 0.10 0.04 0.01 -0.10 7.26 12.37 22.96 Acceptable
10.20 47.35 7.15 0.09 0.10 0.01 0.00 -0.10 7.28 1.51 24.52 Acceptable
10.47 50.19 7.19 0.10 -0.35 -0.03 -0.01 0.10 6.76 11.42 16.43 Acceptable
10.75 53.05 7.05 0.09 -0.62 -0.06 -0.01 0.10 6.31 45.90 26.65 Max-Iter
10.99 55.86 6.80 0.06 -0.54 -0.08 -0.02 0.10 6.21 74.63 13.30 Acceptable
11.16 58.58 6.58 0.03 -0.21 -0.09 -0.02 0.10 6.42 72.75 19.51 Acceptable
11.24 61.21 6.50 -0.00 0.14 -0.08 -0.02 0.10 6.77 57.29 11.56 Acceptable
11.23 63.81 6.55 -0.03 0.15 -0.06 -0.01 0.10 6.82 34.49 9.96 Acceptable
11.13 66.43 6.62 -0.06 0.15 -0.04 -0.01 0.10 6.86 20.28 11.35 Acceptable
10.98 69.07 6.68 -0.07 0.17 -0.03 -0.01 0.10 6.93 11.07 19.45 Acceptable
10.78 71.73 6.74 -0.09 0.15 -0.01 -0.00 0.10 6.96 3.88 11.23 Acceptable
10.55 74.42 6.80 -0.09 0.11 -0.00 -0.00 0.08 6.98 2.21 17.61 Acceptable
10.31 77.13 6.85 -0.09 0.10 -0.00 -0.00 -0.01 7.01 1.90 13.96 Acceptable
10.06 79.86 6.89 -0.09 0.10 -0.00 -0.00 -0.06 7.03 1.63 20.56 Acceptable
9.80 82.60 6.93 -0.09 0.09 -0.00 -0.00 -0.07 7.06 1.36 19.28 Acceptable
9.55 85.36 6.96 -0.09 0.07 0.00 0.00 -0.10 7.07 1.19 18.35 Acceptable
9.29 88.14 6.99 -0.09 0.03 0.02 0.00 -0.10 7.05 3.15 9.53 Acceptable
