7.00 1.00 7.33 0.12 0.00 0.00 -0.03 -0.03 0.00 0.10 7.31 3.40 2.94 Acceptable
7.36 3.91 7.33 0.12 -0.01 -0.01 -0.01 -0.02 -0.00 0.10 7.30 2.50 3.87 Solved
7.72 6.82 7.33 0.12 -0.02 -0.02 -0.03 -0.02 -0.00 0.10 7.27 1.81 2.79 Acceptable
8.07 9.73 7.32 0.11 -0.03 -0.03 -0.02 -0.03 -0.01 0.10 7.25 3.37 3.34 Acceptable
8.39 12.64 7.31 0.10 -0.04 -0.04 0.01 -0.01 -0.01 0.10 7.24 0.52 2.87 Acceptable
8.68 15.55 7.30 0.08 -0.04 -0.04 0.01 -0.00 -0.01 0.07 7.24 0.08 3.68 Acceptable
8.92 18.46 7.28 0.06 -0.03 -0.04 0.01 -0.00 -0.01 -0.01 7.24 0.08 4.07 Acceptable
9.11 21.37 7.27 0.05 -0.02 -0.04 0.00 0.01 -0.01 -0.10 7.22 0.61 2.08 Solved
9.25 24.27 7.26 0.03 -0.02 -0.04 -0.04 0.05 -0.01 -0.10 7.18 10.83 3.28 Solved
9.33 27.18 7.25 0.01 -0.04 -0.02 -0.04 0.05 -0.00 -0.10 7.14 12.62 2.70 Solved
9.37 30.08 7.23 0.00 -0.06 0.00 -0.04 0.05 0.00 -0.10 7.09 10.41 2.90 Acceptable
9.38 32.97 7.21 0.01 -0.07 0.02 0.02 0.04 0.00 -0.10 7.09 6.78 2.77 Acceptable
9.40 35.85 7.18 0.01 -0.06 0.04 0.04 0.00 0.01 -0.04 7.09 0.30 3.58 Acceptable
9.44 38.73 7.16 0.03 -0.05 0.04 0.04 0.00 0.01 -0.01 7.10 0.32 3.54 Acceptable
9.52 41.59 7.14 0.04 -0.04 0.04 0.01 0.01 0.01 -0.10 7.08 0.50 3.92 Acceptable
9.65 44.44 7.12 0.06 -0.03 0.04 0.01 0.05 0.01 -0.10 7.08 12.36 3.73 Acceptable
9.81 47.29 7.11 0.07 -0.03 0.06 -0.14 0.08 0.01 -0.10 6.95 30.62 2.66 Acceptable
10.03 50.12 7.10 0.10 -0.08 0.09 -0.07 -0.03 0.02 0.10 6.87 4.77 3.32 Solved
10.31 52.95 7.07 0.14 -0.11 0.08 -1.03 -0.16 0.02 0.10 5.91 122.10 4.57 Acceptable
10.69 55.75 7.02 0.17 -0.53 0.02 -1.41 -0.29 0.00 0.10 5.87 403.54 6.63 Solved
11.17 58.52 6.81 0.18 -1.09 -0.10 0.35 -0.30 -0.02 0.10 5.87 430.85 4.47 Acceptable
11.65 61.20 6.37 0.14 -0.95 -0.22 1.08 -0.09 -0.04 0.10 5.87 72.68 4.39 Acceptable
12.00 63.72 5.99 0.05 -0.52 -0.25 0.76 0.04 -0.05 -0.10 5.87 32.12 2.74 Solved
12.13 66.12 5.79 -0.05 -0.21 -0.24 0.24 0.22 -0.04 -0.10 5.87 231.33 2.05 Solved
12.01 68.43 5.70 -0.15 -0.12 -0.15 -0.03 0.25 -0.03 -0.10 5.87 279.42 3.21 Solved
11.68 70.69 5.66 -0.20 -0.13 -0.05 0.21 0.20 -0.01 -0.10 5.87 195.75 2.53 Acceptable
11.22 72.90 5.60 -0.22 -0.05 0.03 0.27 0.10 0.01 -0.10 5.87 63.52 2.89 Acceptable
10.72 75.09 5.58 -0.21 0.06 0.07 0.23 0.02 0.01 -0.10 5.95 17.37 2.94 Acceptable
10.25 77.27 5.61 -0.18 0.15 0.08 0.21 0.00 0.01 -0.01 6.13 14.20 4.08 Acceptable
9.85 79.48 5.67 -0.15 0.24 0.08 0.18 -0.00 0.01 0.04 6.34 11.83 4.71 Acceptable
9.51 81.72 5.77 -0.12 0.31 0.08 0.11 -0.03 0.01 0.10 6.51 13.59 2.87 Acceptable
9.24 84.01 5.89 -0.09 0.36 0.07 0.01 -0.07 0.01 0.10 6.63 30.73 1.96 Solved
9.04 86.36 6.03 -0.06 0.36 0.04 -0.02 -0.08 0.01 0.10 6.76 30.76 3.51 Acceptable
8.90 88.77 6.18 -0.04 0.36 0.01 0.01 -0.06 0.00 0.10 6.91 19.47 2.98 Solved
8.80 91.24 6.32 -0.04 0.36 -0.02 0.08 -0.02 -0.00 0.10 7.13 5.25 3.49 Acceptable
8.69 93.77 6.47 -0.05 0.39 -0.03 0.01 0.01 -0.01 -0.10 7.26 2.02 3.05 Acceptable
8.57 96.35 6.62 -0.06 0.40 -0.02 0.09 0.06 -0.00 -0.10 7.50 17.28 3.36 Acceptable
8.42 99.00 6.78 -0.07 0.44 0.00 -0.20 -0.04 0.00 0.10 7.47 6.54 2.67 Acceptable
