7.00 1.00 7.33 0.12 -0.06 -0.03 -0.01 0.10 7.26 10.08 42.76 Acceptable
7.36 3.91 7.31 0.11 -0.05 -0.03 -0.01 0.10 7.25 9.43 62.64 Acceptable
7.69 6.82 7.29 0.10 -0.03 -0.03 -0.01 0.10 7.26 8.53 58.70 Acceptable
7.98 9.72 7.28 0.09 -0.02 -0.03 -0.01 0.10 7.27 7.37 59.61 Acceptable
8.23 12.62 7.27 0.08 -0.00 -0.02 -0.01 0.10 7.28 5.92 26.80 Acceptable
8.46 15.52 7.27 0.07 0.01 -0.02 -0.00 0.10 7.30 4.16 50.62 Acceptable
8.66 18.42 7.28 0.06 0.02 -0.01 -0.00 0.10 7.32 2.24 35.78 Acceptable
8.84 21.33 7.29 0.06 0.01 -0.01 -0.00 0.10 7.31 0.88 15.65 Acceptable
9.00 24.24 7.29 0.05 0.01 -0.01 -0.00 0.10 7.31 0.62 15.09 Acceptable
9.15 27.15 7.30 0.05 0.02 -0.00 -0.00 0.06 7.31 0.35 61.45 Max-Iter
9.30 30.06 7.30 0.05 -0.02 0.00 0.00 -0.10 7.27 0.69 41.17 Acceptable
9.44 32.98 7.29 0.05 -0.07 0.01 0.00 -0.10 7.18 3.69 60.76 Max-Iter
9.58 35.90 7.26 0.06 0.03 0.03 0.01 -0.10 7.32 11.25 57.26 Acceptable
9.75 38.80 7.28 0.07 0.03 0.02 0.01 -0.10 7.34 8.08 39.45 Acceptable
9.94 41.70 7.29 0.08 0.04 0.00 0.00 -0.10 7.36 1.91 40.14 Acceptable
10.17 44.61 7.31 0.08 -0.20 -0.02 -0.00 0.10 6.99 7.03 55.34 Acceptable
10.39 47.52 7.23 0.07 -0.35 -0.03 -0.01 0.10 6.70 23.78 53.85 Acceptable
10.60 50.40 7.08 0.06 -0.23 -0.05 -0.01 0.10 6.78 38.79 61.06 Acceptable
10.77 53.23 6.99 0.04 -0.18 -0.05 -0.01 0.10 6.79 43.99 55.35 Acceptable
10.88 56.03 6.92 0.02 0.03 -0.05 -0.01 0.10 7.03 38.36 41.02 Acceptable
10.92 58.80 6.93 -0.00 0.05 -0.04 -0.01 0.10 7.06 31.25 59.99 Max-Iter
10.91 61.57 6.95 -0.02 0.06 -0.04 -0.01 0.10 7.09 25.26 24.66 Acceptable
10.85 64.35 6.98 -0.04 0.12 -0.03 -0.01 0.10 7.20 17.38 51.97 Acceptable
10.75 67.14 7.03 -0.05 0.09 -0.02 -0.00 0.10 7.20 9.58 40.72 Acceptable
10.61 69.94 7.06 -0.06 0.07 -0.01 -0.00 0.10 7.20 4.35 35.24 Acceptable
10.44 72.77 7.09 -0.06 0.06 -0.01 -0.00 0.10 7.20 2.19 35.59 Acceptable
10.26 75.60 7.12 -0.07 0.05 -0.01 -0.00 0.10 7.21 1.49 43.16 Acceptable
10.07 78.44 7.14 -0.07 0.05 -0.01 -0.00 0.10 7.23 1.17 61.46 Max-Iter
9.86 81.28 7.16 -0.07 0.04 -0.00 -0.00 -0.01 7.24 0.76 23.86 Acceptable
9.65 84.14 7.18 -0.08 0.04 0.00 0.00 -0.10 7.25 0.77 16.87 Acceptable
