7.00 1.00 7.33 0.00 0.00 0.00 0.00 0.00 7.33 0.00 0.64 Solved
7.00 3.93 7.33 0.00 -0.00 0.00 0.00 0.00 7.33 0.00 0.64 Solved
7.00 6.87 7.33 0.00 0.00 0.00 0.00 0.00 7.33 0.00 0.62 Solved
7.00 9.80 7.33 0.00 0.00 -0.00 -0.00 0.00 7.33 0.00 0.69 Solved
7.00 12.73 7.33 0.00 -0.00 -0.00 -0.00 0.00 7.33 0.00 0.63 Solved
7.00 15.67 7.33 0.00 -0.00 -0.00 -0.00 0.00 7.33 0.00 0.64 Solved
7.00 18.60 7.33 0.00 -0.00 -0.00 -0.00 0.00 7.33 0.00 0.95 Solved
7.00 21.53 7.33 0.00 0.00 -0.00 -0.00 0.00 7.33 0.00 0.62 Solved
7.00 24.47 7.33 0.00 0.00 -0.00 -0.00 -0.00 7.33 0.00 0.89 Solved
7.00 27.40 7.33 -0.00 -0.00 -0.00 -0.00 0.00 7.33 0.00 0.79 Solved
7.00 30.33 7.33 -0.00 -0.00 -0.00 -0.00 0.00 7.33 0.00 0.71 Solved
7.00 33.27 7.33 -0.00 -0.00 0.00 0.00 -0.00 7.33 0.00 0.66 Solved
7.00 36.20 7.33 -0.00 -0.00 0.00 0.00 -0.00 7.33 0.00 0.64 Solved
7.00 39.13 7.33 -0.00 -0.00 0.00 0.00 -0.00 7.33 0.00 0.68 Solved
7.00 42.07 7.33 -0.00 -0.00 -0.00 -0.00 -0.00 7.33 0.00 0.60 Solved
7.00 45.00 7.33 -0.00 -0.00 -0.00 -0.00 -0.00 7.33 0.00 0.68 Solved
7.00 47.93 7.33 -0.00 -0.00 0.00 0.00 -0.00 7.33 0.00 0.65 Solved
7.00 50.87 7.33 -0.00 -0.00 -0.00 -0.00 -0.00 7.33 0.00 0.68 Solved
7.00 53.80 7.33 -0.00 -0.00 0.00 0.00 -0.00 7.33 0.00 0.63 Solved
7.00 56.73 7.33 -0.00 -0.00 0.00 0.00 -0.00 7.33 0.00 0.67 Solved
7.00 59.67 7.33 -0.00 -0.00 0.00 0.00 -0.00 7.33 0.00 0.67 Solved
7.00 62.60 7.33 -0.00 -0.00 0.00 0.00 -0.00 7.33 0.00 0.61 Solved
7.00 65.53 7.33 -0.00 -0.00 0.00 0.00 -0.00 7.33 0.00 0.65 Solved
7.00 68.47 7.33 -0.00 -0.00 0.00 0.00 -0.00 7.33 0.00 0.69 Solved
7.00 71.40 7.33 -0.00 -0.00 0.00 0.00 -0.00 7.33 0.00 0.62 Solved
7.00 74.33 7.33 -0.00 -0.00 0.00 0.00 -0.00 7.33 0.00 1.25 Solved
7.00 77.27 7.33 -0.00 -0.00 0.00 0.00 -0.00 7.33 0.00 0.63 Solved
7.00 80.20 7.33 -0.00 -0.00 0.00 0.00 -0.00 7.33 0.00 0.67 Solved
7.00 83.13 7.33 -0.00 0.00 0.00 0.00 -0.00 7.33 0.00 0.62 Solved
7.00 86.07 7.33 -0.00 0.00 0.00 0.00 -0.00 7.33 0.00 0.70 Solved
7.00 89.00 7.33 -0.00 -0.00 0.00 0.00 -0.00 7.33 0.00 0.66 Solved
7.00 91.93 7.33 -0.00 -0.00 0.00 0.00 -0.00 7.33 0.00 0.61 Solved
7.00 94.87 7.33 -0.00 0.00 0.00 0.00 -0.00 7.33 0.00 0.62 Solved
7.00 97.80 7.33 -0.00 0.00 0.00 0.00 -0.00 7.33 0.00 0.66 Solved
