7.00 1.00 7.33 0.08 -0.06 0.03 0.01 -0.10 7.27 5.60 28.88 Max-Iter
7.24 3.92 7.31 0.09 -0.17 0.03 0.01 -0.10 7.11 9.71 20.98 Acceptable
7.52 6.83 7.24 0.11 -0.14 0.04 0.01 -0.10 7.09 17.62 10.17 Acceptable
7.82 9.72 7.19 0.12 0.02 0.05 0.01 -0.10 7.24 18.62 24.95 Acceptable
8.18 12.57 7.20 0.14 0.04 0.03 0.01 -0.10 7.26 10.15 15.68 Acceptable
8.59 15.42 7.21 0.16 0.04 0.00 0.00 -0.10 7.26 0.72 12.29 Acceptable
9.04 18.27 7.23 0.16 -0.36 -0.03 -0.01 0.10 6.78 12.44 27.94 Max-Iter
9.49 21.12 7.08 0.15 -0.73 -0.06 -0.01 0.10 6.20 49.67 22.91 Acceptable
9.91 23.93 6.79 0.12 -0.81 -0.08 -0.02 0.10 5.87 87.44 15.18 Acceptable
10.24 26.62 6.47 0.09 -0.63 -0.10 -0.02 0.10 5.87 104.56 15.46 Acceptable
10.47 29.20 6.21 0.05 -0.42 -0.10 -0.02 0.10 5.87 109.56 13.97 Acceptable
10.60 31.68 6.05 0.01 -0.22 -0.09 -0.02 0.10 5.92 96.90 21.63 Acceptable
10.63 34.10 5.96 -0.03 -0.10 -0.09 -0.02 0.10 5.99 86.20 16.18 Acceptable
10.56 36.48 5.92 -0.06 -0.01 -0.08 -0.01 0.10 6.05 71.11 24.66 Max-Iter
10.41 38.84 5.92 -0.09 0.15 -0.07 -0.01 0.10 6.23 58.06 13.59 Acceptable
10.19 41.20 5.97 -0.12 0.00 -0.07 -0.01 0.10 6.09 50.18 26.25 Max-Iter
9.89 43.57 5.98 -0.15 0.01 -0.06 -0.01 0.10 6.10 45.54 24.37 Acceptable
9.54 45.94 5.98 -0.17 0.03 -0.07 -0.01 0.10 6.14 49.32 9.05 Acceptable
9.12 48.29 5.99 -0.20 0.60 -0.03 -0.01 0.10 6.84 20.91 26.24 Max-Iter
8.65 50.64 6.23 -0.21 0.16 0.01 0.00 -0.10 6.49 9.09 15.88 Acceptable
8.12 53.08 6.30 -0.21 -0.40 0.04 0.01 -0.10 5.87 32.28 25.61 Max-Iter
7.60 55.54 6.14 -0.19 -0.63 0.08 0.01 -0.10 5.87 79.32 11.67 Acceptable
7.13 57.95 5.89 -0.16 -0.46 0.10 0.02 -0.06 5.87 123.35 19.57 Infeasible
6.75 60.27 5.70 -0.12 -0.14 0.10 0.02 -0.10 5.87 112.82 20.35 Acceptable
6.47 62.54 5.65 -0.08 0.00 0.09 0.02 -0.10 5.87 97.02 11.96 Acceptable
6.29 64.79 5.65 -0.04 0.16 0.08 0.01 -0.10 6.03 78.01 25.07 Max-Iter
6.18 67.05 5.71 -0.01 0.40 0.06 0.01 -0.10 6.35 51.91 19.36 Acceptable
6.16 69.33 5.87 0.01 0.35 0.04 0.01 -0.10 6.42 28.27 18.42 Acceptable
6.18 71.68 6.01 0.03 0.31 0.02 0.00 -0.10 6.48 16.15 16.76 Acceptable
6.25 74.08 6.14 0.04 0.27 0.01 0.00 -0.10 6.54 10.46 11.47 Acceptable
6.34 76.54 6.24 0.04 0.24 0.00 0.00 -0.10 6.60 7.99 26.52 Max-Iter
6.45 79.03 6.34 0.04 0.21 0.00 0.00 -0.02 6.66 6.71 14.08 Acceptable
6.56 81.57 6.42 0.04 0.19 0.00 0.00 0.10 6.72 5.66 12.70 Acceptable
6.67 84.13 6.50 0.04 0.17 -0.01 -0.00 0.10 6.76 5.25 19.68 Acceptable
6.78 86.73 6.57 0.04 0.15 -0.01 -0.00 0.10 6.80 5.25 27.36 Max-Iter
6.89 89.36 6.63 0.04 0.14 -0.01 -0.00 0.10 6.84 4.91 8.40 Acceptable
