7.00 1.00 7.33 0.08 0.00 0.00 -0.00 0.00 0.00 -0.06 7.33 0.00 0.42 Solved
7.24 3.92 7.33 0.08 -0.00 0.00 -0.02 0.03 0.00 -0.10 7.33 3.44 0.40 Solved
7.49 6.85 7.33 0.08 -0.01 0.01 -0.03 0.10 0.00 -0.10 7.31 30.48 0.36 Solved
7.73 9.77 7.33 0.09 -0.02 0.05 -0.01 0.01 0.01 -0.10 7.30 0.60 0.47 Solved
7.99 12.69 7.32 0.11 -0.02 0.06 -0.02 0.05 0.01 -0.10 7.29 7.92 0.41 Solved
8.31 15.60 7.31 0.13 -0.03 0.08 -0.31 0.13 0.02 -0.10 7.18 53.19 0.33 Solved
8.69 18.50 7.30 0.16 -0.16 0.13 0.01 0.00 0.03 -0.09 7.12 0.12 0.83 Solved
9.16 21.38 7.24 0.21 -0.15 0.13 -0.51 -0.09 0.03 0.10 6.89 32.23 0.46 Solved
9.77 24.21 7.18 0.26 -0.36 0.09 -2.00 -0.35 0.02 0.36 6.17 443.38 0.78 Infeasible
10.52 26.99 7.04 0.30 -1.16 -0.05 -0.32 -0.35 -0.01 0.60 5.87 445.95 0.93 Infeasible
11.35 29.68 6.57 0.28 -1.28 -0.19 1.60 -0.35 -0.04 1.07 5.87 474.05 0.60 Infeasible
12.07 32.20 6.06 0.20 -0.64 -0.33 0.80 -0.35 -0.06 1.26 5.87 458.52 0.59 Infeasible
12.56 34.58 5.80 0.07 -0.32 -0.47 2.00 -0.35 -0.08 0.93 6.22 462.60 0.61 Infeasible
12.72 36.89 5.67 -0.12 0.48 -0.61 0.05 0.00 -0.11 -0.04 6.27 11.27 0.44 Solved
