7.00 1.00 7.33 0.08 -0.01 0.01 0.00 -0.10 7.32 0.67 3.21 Acceptable
7.24 3.92 7.33 0.09 -0.03 0.02 0.00 -0.10 7.30 2.35 11.89 Max-Iter
7.50 6.84 7.32 0.10 -0.06 0.03 0.01 -0.10 7.26 6.03 9.52 Acceptable
7.78 9.76 7.29 0.11 -0.23 0.05 0.01 -0.10 7.09 14.04 5.47 Acceptable
8.09 12.66 7.20 0.13 -0.17 0.07 0.01 -0.10 7.07 27.33 3.25 Acceptable
8.45 15.51 7.13 0.15 0.08 0.06 0.01 -0.10 7.23 22.50 11.41 Max-Iter
8.88 18.33 7.17 0.18 0.06 0.03 0.01 -0.10 7.23 5.46 3.97 Acceptable
9.38 21.16 7.19 0.19 -0.04 -0.01 -0.00 0.10 7.16 0.60 8.63 Acceptable
9.92 23.98 7.18 0.19 -1.12 -0.08 -0.02 0.10 6.16 66.60 8.85 Acceptable
10.45 26.81 6.73 0.15 -1.44 -0.14 -0.03 0.10 5.87 155.56 3.66 Acceptable
10.86 29.47 6.15 0.10 -1.00 -0.17 -0.03 0.10 5.87 203.81 4.19 Acceptable
11.10 31.91 5.75 0.03 -0.38 -0.15 -0.03 0.10 5.87 169.05 3.17 Acceptable
11.18 34.21 5.60 -0.03 -0.05 -0.13 -0.02 0.10 5.87 125.65 3.36 Acceptable
11.11 36.45 5.58 -0.08 0.14 -0.10 -0.02 0.10 5.87 75.96 3.68 Acceptable
10.93 38.68 5.64 -0.12 0.13 -0.08 -0.01 0.10 5.87 50.83 2.75 Acceptable
10.66 40.92 5.69 -0.15 0.17 -0.06 -0.01 0.10 5.93 34.46 10.35 Max-Iter
10.31 43.17 5.76 -0.17 0.23 -0.05 -0.01 0.10 6.04 27.21 9.21 Acceptable
9.92 45.44 5.85 -0.19 0.13 -0.04 -0.01 0.10 6.03 20.37 5.28 Acceptable
9.47 47.73 5.90 -0.21 0.19 -0.04 -0.01 0.10 6.14 22.17 7.16 Acceptable
8.98 50.04 5.97 -0.22 0.06 -0.06 -0.01 0.10 6.10 29.59 9.01 Acceptable
8.45 52.37 6.00 -0.25 0.27 -0.03 -0.01 0.10 6.32 16.72 3.73 Acceptable
7.86 54.70 6.11 -0.26 -0.13 0.02 0.00 -0.10 6.04 13.28 5.10 Acceptable
7.23 57.06 6.06 -0.25 -0.68 0.10 0.02 -0.10 5.87 83.40 7.29 Acceptable
6.63 59.41 5.78 -0.21 -1.13 0.14 0.03 -0.10 5.87 183.71 8.36 Acceptable
6.14 61.67 5.33 -0.15 -0.82 0.17 0.03 -0.10 5.87 239.43 3.21 Acceptable
5.81 63.78 5.00 -0.09 0.19 0.17 0.03 -0.10 5.87 219.61 3.76 Acceptable
5.64 65.77 5.08 -0.02 0.40 0.12 0.02 -0.10 5.87 121.36 9.47 Acceptable
5.60 67.80 5.24 0.03 0.41 0.08 0.01 -0.10 5.87 64.94 3.18 Acceptable
5.66 69.89 5.40 0.06 0.36 0.05 0.01 -0.10 5.87 35.83 6.24 Acceptable
5.80 72.05 5.55 0.08 0.37 0.02 0.00 -0.10 5.97 19.60 3.66 Acceptable
5.98 74.26 5.70 0.09 0.28 0.00 0.00 -0.01 6.02 14.24 10.76 Max-Iter
6.19 76.53 5.81 0.09 0.24 -0.01 -0.00 0.10 6.09 12.69 4.35 Acceptable
6.40 78.85 5.90 0.09 0.18 -0.03 -0.00 0.10 6.14 15.08 9.04 Acceptable
6.61 81.20 5.98 0.08 0.17 -0.03 -0.01 0.10 6.20 16.29 3.55 Acceptable
6.80 83.58 6.05 0.07 0.17 -0.03 -0.01 0.10 6.27 15.42 3.21 Acceptable
6.95 86.00 6.12 0.05 0.17 -0.03 -0.01 0.10 6.33 13.76 8.61 Acceptable
7.08 88.44 6.18 0.04 0.17 -0.03 -0.01 0.10 6.39 11.92 2.34 Acceptable
7.18 90.91 6.25 0.03 0.17 -0.02 -0.00 0.10 6.45 9.90 5.79 Acceptable
