7.00 1.00 7.33 0.12 0.00 0.00 -0.00 -0.00 0.00 0.01 7.33 0.00 0.58 Solved
7.36 3.91 7.33 0.12 -0.00 -0.00 -0.00 -0.00 -0.00 0.10 7.33 0.01 0.84 Solved
7.72 6.82 7.33 0.12 -0.00 -0.00 -0.03 -0.22 -0.00 0.10 7.32 155.99 0.35 Solved
8.08 9.73 7.33 0.12 -0.01 -0.09 0.00 -0.00 -0.02 0.01 7.32 0.02 0.57 Solved
8.45 12.64 7.33 0.09 -0.01 -0.09 -0.02 0.05 -0.02 -0.10 7.31 8.68 0.35 Solved
8.71 15.56 7.32 0.05 -0.02 -0.07 0.03 0.21 -0.02 -0.10 7.31 148.96 0.38 Solved
8.86 18.49 7.31 0.03 -0.01 0.02 0.00 0.00 0.00 -0.06 7.30 0.03 0.74 Solved
8.94 21.41 7.31 0.03 -0.01 0.02 0.00 -0.00 0.00 0.01 7.30 0.03 0.48 Solved
9.04 24.34 7.31 0.04 -0.01 0.02 -0.05 -0.04 0.00 0.10 7.28 5.01 0.36 Solved
9.17 27.26 7.31 0.05 -0.03 0.00 0.01 -0.20 0.00 0.10 7.28 127.94 0.40 Solved
9.31 30.18 7.29 0.05 -0.02 -0.08 0.00 -0.00 -0.02 0.00 7.27 0.03 0.62 Solved
9.46 33.09 7.28 0.02 -0.02 -0.08 -0.46 0.25 -0.02 -0.10 7.11 214.81 0.40 Solved
9.52 36.00 7.28 -0.01 -0.20 0.03 -0.11 0.28 0.01 -0.10 7.00 258.00 0.32 Solved
9.49 38.91 7.19 0.00 -0.25 0.14 0.02 0.00 0.03 -0.00 6.90 0.40 0.75 Solved
9.49 41.79 7.10 0.06 -0.24 0.14 -2.00 -0.35 0.03 0.18 6.17 442.14 0.83 Infeasible
9.64 44.62 7.00 0.11 -1.04 -0.00 2.00 -0.35 -0.00 0.13 6.47 444.84 1.00 Infeasible
9.95 47.41 6.58 0.11 -0.24 -0.14 -1.42 0.24 -0.03 -0.10 5.87 214.77 0.43 Solved
10.24 50.02 6.49 0.05 -0.81 -0.05 0.09 0.35 -0.01 -0.39 5.87 446.71 1.42 Infeasible
