7.00 1.00 7.33 0.00 -0.00 -0.00 -0.00 0.00 7.33 0.00 0.28 Solved
7.00 3.93 7.33 -0.00 -0.00 -0.00 -0.00 -0.00 7.33 0.00 0.28 Solved
7.00 6.87 7.33 -0.00 0.00 0.00 0.00 -0.00 7.33 0.00 0.22 Solved
7.00 9.80 7.33 -0.00 0.00 0.00 0.00 -0.00 7.33 0.00 0.24 Solved
7.00 12.73 7.33 -0.00 -0.93 0.35 0.08 -1.00 7.07 668.69 0.55 Solved
7.00 15.67 6.96 0.14 -0.31 0.21 0.05 -1.00 6.81 190.17 3.55 Max-Iter
7.39 18.42 6.84 0.22 0.13 0.10 0.02 -1.00 6.93 43.68 0.69 Solved
8.00 21.09 6.89 0.26 0.10 0.01 0.00 -1.00 6.96 5.50 0.50 Solved
8.71 23.75 6.93 0.27 0.05 0.00 0.00 -0.78 6.97 4.35 0.81 Acceptable
9.44 26.42 6.95 0.27 0.05 0.00 0.00 -0.24 6.98 3.33 0.67 Acceptable
10.18 29.10 6.97 0.27 0.03 -0.00 -0.00 0.78 6.99 2.80 0.86 Acceptable
10.92 31.79 6.98 0.27 -2.00 -0.27 -0.06 1.00 5.87 364.65 0.84 Solved
11.66 34.48 6.18 0.16 -2.00 -0.35 -0.07 1.00 5.87 676.81 0.36 Solved
12.05 36.92 5.38 0.02 0.31 -0.25 -0.04 1.00 5.87 286.05 0.66 Solved
12.09 39.07 5.50 -0.08 0.36 -0.10 -0.02 1.00 5.87 54.53 0.57 Solved
11.92 41.27 5.65 -0.12 0.24 -0.03 -0.01 1.00 5.87 19.48 0.64 Solved
11.65 43.51 5.74 -0.13 0.24 -0.03 0.00 0.00 5.96 0.00 0.10 Algorithm-Received
11.35 45.79 5.84 -0.15 0.47 -0.23 -0.04 1.00 6.21 226.46 0.82 Solved
11.01 48.10 6.03 -0.24 0.07 -0.07 -0.01 1.00 6.10 33.73 0.71 Solved
10.44 50.44 6.06 -0.27 0.13 -0.03 -0.01 1.00 6.16 15.29 0.66 Solved
9.81 52.78 6.11 -0.28 0.14 -0.01 -0.00 1.00 6.22 10.12 0.53 Solved
9.13 55.13 6.16 -0.28 0.08 -0.06 -0.01 1.00 6.24 21.62 0.77 Acceptable
8.45 57.50 6.20 -0.30 0.13 -0.00 -0.00 0.93 6.30 8.75 1.18 Solved
7.70 59.86 6.25 -0.31 0.13 -0.00 -0.00 0.36 6.35 7.43 0.80 Acceptable
6.95 62.24 6.30 -0.31 0.11 0.00 0.00 -0.75 6.38 6.69 0.81 Acceptable
6.19 64.65 6.34 -0.31 -2.00 0.28 0.06 -1.00 5.87 424.45 0.72 Solved
5.43 67.07 5.54 -0.19 -2.00 0.35 0.06 -1.00 5.87 888.81 0.39 Solved
5.01 69.24 4.74 -0.05 0.98 0.32 0.05 -1.00 5.87 479.35 0.60 Solved
4.91 71.13 5.13 0.08 0.73 0.09 0.01 -1.00 5.87 63.99 0.60 Solved
5.07 73.18 5.43 0.11 0.44 0.01 0.00 -1.00 5.87 19.88 0.63 Solved
5.31 75.34 5.60 0.12 0.29 0.00 0.00 -0.96 5.87 15.81 0.57 Solved
5.57 77.56 5.72 0.12 0.19 0.00 0.00 -0.80 5.87 13.59 0.56 Solved
5.84 79.83 5.79 0.12 0.18 0.00 0.00 -0.59 5.93 11.95 0.93 Acceptable
6.11 82.13 5.86 0.12 0.17 0.00 0.00 -0.36 5.99 10.28 1.37 Acceptable
6.38 84.46 5.93 0.12 0.16 0.00 0.00 -0.13 6.05 8.64 0.71 Acceptable
6.66 86.82 5.99 0.12 0.15 -0.00 -0.00 0.12 6.11 7.35 0.71 Acceptable
6.94 89.20 6.05 0.12 0.14 -0.00 -0.00 0.39 6.16 6.56 0.78 Acceptable
7.23 91.60 6.11 0.12 0.13 -0.00 -0.00 0.66 6.21 6.33 0.70 Acceptable
7.51 94.03 6.16 0.12 0.13 -0.00 -0.00 0.96 6.26 6.75 0.90 Acceptable
7.80 96.47 6.21 0.12 -0.25 -0.10 -0.02 1.00 6.11 52.89 0.76 Solved
8.09 98.94 6.11 0.08 -0.00 -0.10 -0.02 1.00 6.15 50.06 0.47 Solved
