7.00 1.00 7.33 0.00 -0.00 -0.00 -0.00 0.00 7.33 0.00 0.30 Solved
7.00 3.93 7.33 -0.00 -0.00 0.00 0.00 0.00 7.33 0.00 0.23 Solved
7.00 6.87 7.33 -0.00 0.00 -0.00 -0.00 -0.00 7.33 0.00 0.23 Solved
7.00 9.80 7.33 -0.00 0.00 0.00 0.00 -0.00 7.33 0.00 0.23 Solved
7.00 12.73 7.33 -0.00 -0.00 0.00 0.00 -0.00 7.33 0.00 0.22 Solved
7.00 15.67 7.33 -0.00 0.00 0.00 0.00 -0.00 7.33 0.00 0.22 Solved
7.00 18.60 7.33 -0.00 0.00 -0.00 -0.00 -0.00 7.33 0.00 0.31 Solved
7.00 21.53 7.33 -0.00 -0.00 -0.00 -0.00 -0.00 7.33 0.00 0.23 Solved
7.00 24.47 7.33 -0.00 0.02 0.35 0.08 -0.37 7.34 1000000.77 2.82 Solved
7.00 27.40 7.34 0.14 -0.00 0.00 0.00 -0.19 7.34 0.80 1.10 Solved
7.41 30.31 7.34 0.14 -0.00 0.00 0.00 -0.03 7.34 0.45 0.66 Acceptable
7.82 33.22 7.34 0.14 -0.00 -0.00 -0.00 0.09 7.34 0.18 0.66 Acceptable
8.23 36.12 7.34 0.14 -0.00 -0.00 -0.00 0.31 7.34 0.14 0.70 Solved
8.64 39.03 7.34 0.14 -0.00 -0.00 -0.00 0.45 7.34 0.30 0.73 Acceptable
9.04 41.94 7.34 0.14 -0.00 -0.00 -0.00 0.46 7.34 0.51 0.82 Acceptable
9.45 44.85 7.34 0.14 -0.00 -0.00 -0.00 0.48 7.34 0.73 0.73 Acceptable
9.86 47.75 7.34 0.14 0.00 -0.00 -0.00 0.30 7.34 0.72 0.83 Acceptable
10.27 50.66 7.34 0.14 0.00 -0.00 -0.00 0.09 7.34 0.53 0.67 Acceptable
10.67 53.57 7.34 0.14 -0.00 0.00 0.00 -0.22 7.34 0.37 0.79 Solved
11.08 56.48 7.34 0.14 -0.00 0.00 0.00 -0.13 7.34 0.16 0.68 Solved
11.49 59.38 7.34 0.14 -0.00 -0.00 -0.00 0.35 7.34 0.19 0.86 Acceptable
11.89 62.29 7.34 0.14 -2.00 -0.27 -0.06 0.50 5.87 371.82 0.67 Solved
12.30 65.20 6.54 0.03 -1.60 -0.34 -0.07 0.50 5.87 494.93 0.67 Solved
12.38 67.81 5.90 -0.10 0.45 -0.18 -0.03 0.50 6.23 149.36 0.65 Solved
12.14 70.16 6.08 -0.18 0.17 -0.02 -0.00 0.50 6.21 9.46 0.84 Acceptable
11.71 72.55 6.14 -0.19 0.13 -0.00 -0.00 0.44 6.25 6.38 1.29 Acceptable
11.25 74.96 6.20 -0.19 0.13 -0.00 -0.00 0.24 6.30 5.73 0.69 Acceptable
10.79 77.40 6.25 -0.19 0.12 -0.00 -0.00 0.02 6.35 4.97 1.02 Acceptable
10.32 79.86 6.30 -0.19 0.12 0.00 0.00 -0.20 6.39 4.36 0.82 Acceptable
9.85 82.33 6.34 -0.19 0.11 0.00 0.00 -0.42 6.43 3.99 0.87 Acceptable
9.38 84.82 6.39 -0.19 -0.32 0.10 0.02 -0.50 6.23 48.60 0.72 Solved
8.91 87.33 6.26 -0.15 -0.05 0.11 0.02 -0.50 6.27 56.57 0.51 Solved
8.54 89.81 6.24 -0.10 0.13 0.06 0.01 -0.50 6.34 18.82 0.55 Solved
8.29 92.29 6.29 -0.08 0.12 0.01 0.00 -0.50 6.38 5.54 0.47 Solved
8.09 94.80 6.34 -0.07 0.11 0.00 0.00 -0.47 6.43 4.76 0.80 Acceptable
7.90 97.33 6.38 -0.07 0.04 0.02 0.00 -0.50 6.43 6.37 0.79 Acceptable
