14.00 2.00 14.67 0.00 -0.00 0.00 0.00 0.00 14.67 0.00 1.66 Solved
14.00 9.33 14.67 0.00 -0.00 -0.00 -0.00 0.00 14.67 0.00 1.85 Solved
14.00 16.67 14.67 0.00 0.00 -0.00 -0.00 -0.00 14.67 0.00 1.69 Solved
14.00 24.00 14.67 -0.00 0.00 0.00 0.00 -0.00 14.67 0.00 1.77 Solved
14.00 31.33 14.67 -0.00 -0.01 0.00 0.00 -0.50 14.65 0.45 9.62 Acceptable
14.00 38.67 14.66 0.00 -0.22 0.04 0.02 -0.50 14.32 17.04 7.81 Acceptable
14.01 46.00 14.55 0.02 -0.25 0.05 0.02 -0.50 14.16 37.44 5.13 Acceptable
14.16 53.27 14.43 0.05 -0.16 0.06 0.03 -0.50 14.17 43.29 4.75 Acceptable
14.49 60.49 14.34 0.07 -0.24 0.06 0.02 -0.50 13.97 45.06 5.64 Acceptable
15.03 67.66 14.23 0.10 -0.33 0.06 0.03 -0.50 13.72 57.25 9.60 Acceptable
15.78 74.77 14.06 0.13 -1.01 0.08 0.03 -0.50 13.20 112.08 8.78 Acceptable
16.76 81.80 13.56 0.17 0.29 0.07 0.03 -0.50 14.07 71.12 8.10 Acceptable
18.02 88.58 13.70 0.21 0.04 0.01 0.01 0.50 13.90 26.69 40.34 Acceptable
19.56 95.43 13.72 0.22 -0.48 -0.06 -0.03 0.50 13.20 110.69 10.44 Acceptable
21.14 102.29 13.48 0.18 -0.17 -0.10 -0.04 0.50 13.29 191.63 6.72 Acceptable
22.50 109.03 13.40 0.13 0.08 -0.11 -0.04 0.50 13.53 206.07 6.35 Acceptable
23.49 115.73 13.44 0.08 0.18 -0.10 -0.04 0.50 13.67 185.06 6.17 Acceptable
24.09 122.45 13.53 0.03 0.20 -0.09 -0.04 0.50 13.83 149.57 5.73 Acceptable
24.33 129.21 13.63 -0.01 0.14 -0.07 -0.03 0.50 13.92 105.81 6.67 Acceptable
24.25 136.03 13.70 -0.04 0.15 -0.05 -0.02 0.50 14.02 49.67 5.46 Acceptable
23.93 142.88 13.78 -0.07 0.17 -0.03 -0.01 0.50 14.12 18.48 9.35 Acceptable
23.42 149.77 13.86 -0.09 0.16 -0.02 -0.01 0.46 14.19 11.29 6.85 Acceptable
22.79 156.70 13.94 -0.09 0.16 -0.01 -0.01 0.24 14.25 9.45 44.03 Max-Iter
22.10 163.67 14.02 -0.10 0.14 -0.01 -0.00 -0.27 14.29 7.94 6.94 Acceptable
21.35 170.68 14.09 -0.11 0.13 0.01 0.00 -0.50 14.34 7.66 7.13 Acceptable
20.58 177.72 14.15 -0.10 0.13 0.01 0.00 0.00 14.40 0.00 0.22 Algorithm-Received
19.82 184.80 14.22 -0.10 0.13 0.01 0.00 0.00 14.46 0.00 0.23 Algorithm-Received
19.09 191.91 14.28 -0.10 0.13 0.01 0.00 0.00 14.53 0.00 0.20 Algorithm-Received
18.37 199.05 14.34 -0.09 0.13 0.01 0.00 0.00 14.59 0.00 0.17 Algorithm-Received
17.68 206.22 14.41 -0.09 0.13 0.01 0.00 0.00 14.65 0.00 0.16 Algorithm-Received
17.00 213.42 14.47 -0.09 0.13 0.01 0.00 0.00 14.72 0.00 0.13 Algorithm-Received
16.35 220.66 14.53 -0.09 0.13 0.01 0.00 0.00 14.78 0.00 0.10 Algorithm-Received
