14.00 2.00 14.67 0.00 -0.00 -0.00 -0.00 0.00 14.67 0.00 3.36 Solved
14.00 9.33 14.67 -0.00 0.00 -0.00 -0.00 0.00 14.67 0.00 4.15 Solved
14.00 16.67 14.67 -0.00 0.00 0.00 0.00 -0.00 14.67 0.00 2.95 Solved
14.00 24.00 14.67 -0.00 -0.00 -0.00 -0.00 -0.00 14.67 0.00 2.81 Solved
14.00 31.33 14.67 -0.00 -0.00 -0.00 0.00 0.00 14.67 0.00 17.21 Algorithm-Received
14.00 38.67 14.67 -0.00 -1.38 0.17 0.08 -0.50 13.20 207.97 17.81 Restoration phase f
14.00 46.00 13.98 0.09 -1.15 0.17 0.07 -0.50 13.20 231.93 11.27 Acceptable
14.63 52.99 13.40 0.17 -0.59 0.15 0.06 -0.50 13.20 167.11 10.85 Acceptable
15.88 59.69 13.11 0.24 -0.27 0.11 0.04 -0.50 13.20 99.16 10.35 Acceptable
17.67 66.25 12.98 0.30 -0.03 0.07 0.03 -0.50 13.20 51.57 9.96 Acceptable
19.84 72.73 12.96 0.33 0.04 0.04 0.02 -0.50 13.20 29.61 9.15 Acceptable
22.25 79.22 12.98 0.35 0.07 0.03 0.01 -0.50 13.20 23.70 10.23 Acceptable
24.83 85.71 13.02 0.37 0.04 0.04 0.01 -0.50 13.20 24.61 9.36 Acceptable
27.53 92.22 13.04 0.39 0.20 0.02 0.01 -0.50 13.38 16.78 10.21 Acceptable
30.36 98.74 13.14 0.39 0.27 0.00 0.00 0.45 13.55 13.45 16.83 Acceptable
33.25 105.30 13.28 0.40 0.22 -0.09 -0.04 0.50 13.64 73.38 12.33 Acceptable
36.16 111.94 13.39 0.35 0.14 -0.14 -0.06 0.50 13.64 141.03 9.93 Acceptable
38.71 118.64 13.46 0.28 0.06 -0.15 -0.06 0.50 13.60 162.40 10.74 Acceptable
40.76 125.37 13.49 0.20 0.19 -0.13 -0.06 0.50 13.77 128.33 10.02 Acceptable
42.25 132.11 13.58 0.14 -0.24 -0.12 -0.05 0.50 13.36 102.77 9.89 Acceptable
43.26 138.90 13.46 0.08 -0.49 -0.14 -0.06 0.50 13.20 134.81 9.75 Acceptable
43.83 145.63 13.21 0.01 -0.39 -0.15 -0.06 0.50 13.20 160.78 9.88 Acceptable
43.91 152.24 13.02 -0.06 -0.22 -0.13 -0.05 0.50 13.20 125.52 10.48 Acceptable
43.44 158.75 12.91 -0.13 -0.06 -0.10 -0.04 0.50 13.20 86.05 10.30 Acceptable
42.49 165.20 12.88 -0.18 -0.02 -0.08 -0.03 0.50 13.20 56.80 11.80 Acceptable
41.17 171.64 12.87 -0.22 0.02 -0.07 -0.03 0.50 13.20 46.37 10.78 Acceptable
39.57 178.07 12.88 -0.25 0.07 -0.05 -0.02 0.50 13.20 33.89 9.45 Acceptable
37.72 184.51 12.92 -0.28 0.03 -0.05 -0.02 0.50 13.20 30.18 10.95 Acceptable
