15.00 2.00 14.67 0.00 -0.00 -0.00 -0.00 0.00 14.67 0.00 4.76 Solved
15.00 9.33 14.67 -0.00 0.00 0.00 0.00 0.00 14.67 0.00 4.19 Solved
15.00 16.67 14.67 0.00 -0.08 0.02 0.01 -0.50 14.57 2.41 27.17 Acceptable
15.00 24.00 14.63 0.01 -0.96 0.11 0.05 -0.50 13.51 101.93 17.09 Acceptable
15.06 31.31 14.14 0.06 -0.81 0.13 0.06 -0.50 13.22 139.39 10.96 Acceptable
15.53 38.38 13.74 0.13 -0.54 0.12 0.05 -0.50 13.20 108.66 10.39 Acceptable
16.48 45.25 13.47 0.19 -0.19 0.08 0.03 -0.50 13.31 61.05 10.03 Acceptable
17.86 51.99 13.37 0.23 -0.01 0.05 0.02 -0.50 13.45 32.33 11.96 Acceptable
19.55 58.67 13.37 0.26 0.17 0.02 0.01 -0.50 13.65 13.15 9.59 Acceptable
21.42 65.35 13.45 0.26 0.21 0.01 0.00 -0.33 13.77 10.28 16.66 Acceptable
23.37 72.08 13.56 0.27 0.21 0.00 0.00 0.48 13.87 9.14 11.51 Acceptable
25.34 78.86 13.66 0.27 0.24 -0.05 -0.02 0.50 14.00 21.77 10.98 Acceptable
27.31 85.69 13.78 0.25 0.15 -0.08 -0.03 0.50 14.01 44.91 9.82 Acceptable
29.12 92.58 13.86 0.21 0.08 -0.10 -0.04 0.50 14.00 66.35 10.58 Acceptable
30.65 99.51 13.90 0.16 0.02 -0.10 -0.04 0.50 13.97 73.18 8.05 Acceptable
31.82 106.46 13.91 0.11 0.02 -0.10 -0.04 0.50 13.98 61.77 8.00 Acceptable
32.60 113.41 13.92 0.06 0.11 -0.08 -0.03 0.50 14.09 43.31 9.45 Acceptable
33.04 120.37 13.97 0.02 0.14 -0.04 -0.02 0.50 14.18 15.90 12.52 Acceptable
33.19 127.36 14.04 -0.00 0.12 -0.03 -0.01 0.50 14.22 7.47 14.10 Acceptable
33.17 134.38 14.10 -0.02 0.11 -0.01 -0.00 0.50 14.26 3.90 11.54 Acceptable
33.06 141.43 14.16 -0.02 0.10 -0.01 -0.00 0.41 14.30 3.62 11.40 Acceptable
32.91 148.51 14.21 -0.02 0.08 -0.01 -0.00 0.50 14.33 3.41 11.55 Acceptable
32.75 155.61 14.25 -0.03 0.04 -0.02 -0.01 0.50 14.32 5.20 12.34 Acceptable
32.56 162.74 14.27 -0.04 -0.08 -0.04 -0.02 0.50 14.20 14.29 11.28 Acceptable
32.30 169.87 14.23 -0.06 -0.20 -0.07 -0.03 0.50 14.02 30.11 9.99 Acceptable
31.87 176.98 14.13 -0.09 -0.31 -0.07 -0.03 0.50 13.80 33.25 11.35 Acceptable
31.20 184.05 13.97 -0.12 -0.56 -0.09 -0.04 0.50 13.37 60.75 9.85 Acceptable
30.28 191.03 13.69 -0.17 -0.56 -0.09 0.00 0.00 13.09 0.00 0.46 Algorithm-Received
