14.00 2.00 14.67 0.00 -0.00 0.00 0.00 0.00 14.67 0.00 4.56 Solved
14.00 9.33 14.67 0.00 0.00 0.00 0.00 -0.00 14.67 0.00 7.60 Solved
14.00 16.67 14.67 0.00 0.00 -0.00 -0.00 0.00 14.67 0.00 5.40 Solved
14.00 24.00 14.67 0.00 -0.00 -0.00 -0.00 0.00 14.67 0.00 3.13 Solved
14.00 31.33 14.67 0.00 -0.16 0.03 0.01 -0.50 14.48 5.54 40.69 Acceptable
14.00 38.67 14.58 0.01 -0.16 0.03 0.00 0.00 14.39 0.00 1.06 Algorithm-Received
14.10 45.96 14.50 0.03 -0.16 0.03 0.00 0.00 14.31 0.00 1.15 Algorithm-Received
14.29 53.21 14.42 0.04 -0.16 0.03 0.00 0.00 14.23 0.00 1.35 Algorithm-Received
14.58 60.42 14.34 0.05 -0.16 0.03 0.00 0.00 14.15 0.00 1.46 Algorithm-Received
14.96 67.59 14.25 0.07 -0.16 0.03 0.00 0.00 14.06 0.00 1.64 Algorithm-Received
