14.00 2.00 14.67 0.00 -0.00 0.00 0.00 0.00 14.67 0.00 0.72 Solved
14.00 7.87 14.67 0.00 -0.00 0.00 0.00 0.00 14.67 0.00 0.76 Solved
14.00 13.73 14.67 0.00 -0.00 0.00 0.00 0.00 14.67 0.00 0.70 Solved
14.00 19.60 14.67 0.00 0.00 -0.00 -0.00 0.00 14.67 0.00 0.73 Solved
14.00 25.47 14.67 0.00 0.00 0.00 0.00 0.00 14.67 0.00 0.72 Solved
14.00 31.33 14.67 0.00 0.00 0.00 0.00 -0.06 14.67 0.01 8.42 Max-Iter
14.00 37.20 14.67 0.00 -0.03 0.01 0.00 -0.50 14.64 0.44 2.25 Acceptable
14.00 43.07 14.66 0.00 -0.35 0.08 0.04 -0.50 14.32 40.11 3.20 Acceptable
14.01 48.93 14.52 0.03 -0.38 0.09 0.04 -0.50 14.16 60.64 2.30 Acceptable
14.21 54.74 14.36 0.07 -0.30 0.09 0.04 -0.50 14.09 52.86 2.10 Acceptable
14.63 60.48 14.24 0.11 -0.16 0.07 0.03 -0.50 14.11 30.64 2.42 Acceptable
15.25 66.18 14.18 0.13 -0.04 0.04 0.02 -0.50 14.17 12.77 2.08 Acceptable
16.04 71.85 14.16 0.15 0.03 0.02 0.01 -0.50 14.21 4.54 2.78 Acceptable
16.91 77.52 14.18 0.16 0.05 0.01 0.00 -0.50 14.25 3.54 2.20 Acceptable
17.83 83.19 14.20 0.16 0.06 0.00 0.00 -0.50 14.28 3.26 2.09 Acceptable
18.77 88.87 14.22 0.16 -0.33 0.05 0.02 -0.50 13.92 18.57 2.81 Acceptable
19.72 94.56 14.09 0.18 -0.80 0.09 0.04 -0.50 13.35 74.89 3.00 Acceptable
20.78 100.19 13.77 0.22 -0.80 0.09 0.00 0.00 13.03 0.00 0.13 Algorithm-Received
22.06 105.70 13.45 0.26 0.23 0.00 0.00 -0.06 13.71 12.40 4.94 Infeasible
23.56 111.08 13.54 0.26 0.12 -0.16 -0.07 0.50 13.72 185.36 2.50 Restoration phase f
25.07 116.50 13.59 0.19 -1.44 -0.25 -0.11 0.50 13.20 478.84 3.71 Acceptable
26.21 121.93 13.01 0.09 -0.54 -0.26 -0.10 0.50 13.20 462.36 2.36 Acceptable
26.75 127.14 12.79 -0.01 -0.14 -0.19 -0.08 0.50 13.20 274.36 2.51 Acceptable
26.70 132.25 12.74 -0.09 0.15 -0.12 -0.05 0.50 13.20 122.87 2.42 Acceptable
26.18 137.35 12.80 -0.14 0.23 -0.06 -0.02 0.50 13.20 45.53 2.38 Acceptable
25.39 142.47 12.89 -0.16 0.26 -0.02 -0.01 0.50 13.21 21.03 2.59 Acceptable
24.46 147.63 13.00 -0.17 0.27 -0.00 -0.00 0.16 13.32 18.01 2.60 Acceptable
23.48 152.82 13.11 -0.17 0.26 -0.00 -0.00 -0.24 13.42 15.82 2.67 Acceptable
22.50 158.07 13.21 -0.17 0.26 0.01 0.00 -0.50 13.52 14.06 1.94 Acceptable
21.52 163.35 13.32 -0.16 0.28 0.04 0.01 -0.50 13.63 19.17 2.33 Acceptable
20.56 168.68 13.43 -0.15 0.28 0.04 0.02 -0.50 13.73 21.27 2.20 Acceptable
19.68 174.05 13.54 -0.13 0.26 0.04 0.02 -0.50 13.83 16.42 1.99 Acceptable
18.91 179.46 13.64 -0.12 0.23 0.03 0.01 -0.50 13.89 10.80 2.34 Acceptable
18.23 184.92 13.73 -0.10 0.15 0.03 0.01 -0.50 13.88 9.86 4.70 Max-Iter
