14.00 2.00 14.67 0.00 -0.00 -0.00 -0.00 -0.00 14.67 0.00 1.17 Solved
14.00 7.87 14.67 -0.00 -0.00 -0.00 -0.00 0.00 14.67 0.00 1.20 Solved
14.00 13.73 14.67 -0.00 -0.00 0.00 0.00 -0.00 14.67 0.00 1.09 Solved
14.00 19.60 14.67 -0.00 -0.00 0.00 0.00 0.00 14.67 0.00 1.17 Solved
14.00 25.47 14.67 -0.00 0.00 -0.00 -0.00 0.00 14.67 0.00 1.10 Solved
14.00 31.33 14.67 -0.00 -0.00 0.00 0.00 -0.22 14.67 0.05 6.49 Acceptable
14.00 37.20 14.67 0.00 -0.03 0.02 0.01 -0.50 14.64 2.59 7.01 Solved
14.00 43.07 14.65 0.01 -0.05 0.04 0.02 -0.50 14.61 10.18 9.04 Acceptable
14.05 48.93 14.63 0.02 -0.04 0.05 0.02 -0.50 14.60 13.51 7.18 Acceptable
14.19 54.78 14.62 0.04 0.01 0.03 0.01 -0.50 14.63 6.71 7.84 Acceptable
14.43 60.62 14.62 0.05 0.01 0.02 0.01 -0.50 14.63 3.14 5.54 Solved
14.76 66.46 14.62 0.06 -0.00 0.02 0.01 -0.50 14.63 2.87 5.36 Acceptable
