7.00 1.00 7.33 0.08 0.00 0.00 -0.00 0.00 0.00 -0.06 7.33 0.00 0.87 Solved
7.24 3.92 7.33 0.08 -0.00 0.00 -0.00 0.00 0.00 -0.12 7.33 0.02 1.58 Solved
7.49 6.85 7.33 0.08 -0.00 0.00 -0.00 0.00 0.00 -0.19 7.33 0.05 0.70 Solved
7.73 9.77 7.33 0.08 -0.00 0.00 -0.00 0.00 0.00 -0.33 7.33 0.16 0.88 Solved
7.97 12.69 7.33 0.08 -0.00 0.00 -0.40 0.13 0.00 -0.50 7.21 59.69 0.62 Solved
8.22 15.62 7.33 0.08 -0.16 0.05 -2.00 0.35 0.01 -0.57 6.50 441.62 1.04 Infeasible
8.46 18.54 7.27 0.10 -0.96 0.19 0.43 0.18 0.04 -0.50 6.26 112.21 0.76 Solved
8.76 21.43 6.89 0.18 -0.79 0.27 0.06 0.00 0.06 -0.16 5.96 4.69 0.72 Solved
9.26 24.14 6.57 0.29 -0.76 0.27 -0.24 -0.25 0.05 0.50 5.87 244.77 0.68 Solved
10.01 26.66 6.27 0.39 -0.86 0.17 0.98 -0.35 0.03 1.21 5.87 459.45 1.04 Infeasible
10.97 28.98 5.92 0.46 -0.47 0.03 0.59 -0.35 0.00 2.07 5.87 459.01 0.75 Infeasible
12.02 31.10 5.73 0.47 -0.23 -0.11 0.59 -0.35 0.00 0.00 5.96 0.00 0.22 Algorithm-Received
13.06 33.14 5.64 0.42 -0.00 -0.25 0.59 -0.35 0.00 0.00 6.15 0.00 0.40 Algorithm-Received
13.99 35.20 5.64 0.32 0.23 -0.39 0.59 -0.35 0.00 0.00 6.43 0.00 0.46 Algorithm-Received
