7.00 1.00 7.33 0.08 -0.00 0.00 0.00 -0.06 7.33 0.00 0.63 Solved
7.24 3.92 7.33 0.08 -0.00 0.00 0.00 -0.11 7.33 0.02 0.70 Solved
7.49 6.85 7.33 0.08 -0.00 0.00 0.00 -0.19 7.33 0.05 0.70 Acceptable
7.73 9.77 7.33 0.08 -0.00 0.00 0.00 -0.33 7.33 0.16 0.77 Solved
7.98 12.69 7.33 0.08 -0.07 0.02 0.00 -0.50 7.29 2.13 0.51 Solved
8.22 15.62 7.31 0.09 -0.61 0.12 0.03 -0.50 6.96 59.96 0.79 Acceptable
8.49 18.53 7.06 0.14 -0.20 0.14 0.03 -0.50 6.97 87.29 0.76 Acceptable
8.87 21.32 6.98 0.20 0.27 0.07 0.02 -0.50 7.15 24.33 0.62 Solved
9.42 24.06 7.09 0.23 0.03 0.00 0.00 -0.41 7.11 1.10 0.87 Acceptable
10.05 26.83 7.10 0.23 0.03 0.00 0.00 0.04 7.12 0.92 0.65 Acceptable
10.68 29.60 7.11 0.23 -2.00 -0.13 -0.03 0.50 5.89 132.24 0.88 Solved
11.32 32.37 6.31 0.17 -2.00 -0.35 -0.07 0.50 5.87 681.89 0.49 Solved
11.75 34.86 5.51 0.03 -0.52 -0.35 -0.06 0.50 5.87 547.05 0.52 Solved
11.82 37.06 5.31 -0.11 0.44 -0.16 -0.03 0.50 5.87 126.95 0.69 Acceptable
11.59 39.17 5.48 -0.17 0.40 -0.07 -0.01 0.50 5.87 33.03 0.78 Solved
