7.00 1.00 7.33 0.08 -0.00 0.00 0.00 -0.19 7.33 0.05 2.79 Acceptable
7.24 3.92 7.33 0.08 -0.00 0.00 0.00 -0.32 7.33 0.16 4.05 Acceptable
7.49 6.85 7.33 0.08 -0.02 0.01 0.00 -0.50 7.31 0.62 3.87 Acceptable
7.73 9.77 7.32 0.09 -0.25 0.04 0.01 -0.50 7.10 11.69 6.90 Acceptable
7.98 12.69 7.23 0.10 -0.24 0.07 0.02 -0.50 7.02 32.04 8.35 Acceptable
8.28 15.56 7.13 0.13 0.02 0.07 0.02 -0.50 7.20 31.24 11.12 Max-Iter
8.65 18.39 7.14 0.16 0.06 0.04 0.01 -0.50 7.21 9.08 3.22 Solved
9.11 21.21 7.16 0.17 0.03 0.00 0.00 -0.28 7.20 1.32 11.01 Max-Iter
9.61 24.03 7.18 0.18 -0.22 -0.01 -0.00 0.50 6.97 4.38 5.45 Acceptable
10.11 26.86 7.09 0.17 -1.33 -0.09 -0.02 0.50 5.87 86.66 5.92 Acceptable
10.59 29.65 6.55 0.13 -1.20 -0.15 -0.03 0.50 5.87 177.03 6.60 Acceptable
10.94 32.25 6.07 0.07 -0.78 -0.16 -0.03 0.50 5.87 180.08 3.88 Acceptable
11.12 34.67 5.76 0.01 -0.30 -0.15 -0.03 0.50 5.87 151.55 6.47 Acceptable
11.14 36.98 5.64 -0.05 0.42 -0.11 -0.02 0.50 5.87 160.06 9.96 Max-Iter
11.04 39.23 5.81 -0.09 0.01 -0.10 -0.02 0.50 5.94 73.37 6.21 Acceptable
