   mpciter       cost   Vddot Chiddot       V     Chi  ay [g] dy [ft]      status_msg    cpuTime
         0        0.0    -0.0     0.0    44.0     0.0    0.00   -0.00          Solved        1.7
         1        0.0    -0.0     0.0    44.0     0.0    0.00   -0.00          Solved        1.9
         2      187.5     0.1   -11.9    44.0     0.0    0.00    0.50          Solved        5.3
         3        7.4    -0.0     0.9    44.0     0.0   -0.11   -0.50          Solved        3.8
         4       19.8     0.0    -3.2    44.0    -1.9   -0.10    0.50          Solved        3.4
         5       73.5    -0.1     7.0    44.0    -3.7   -0.14   -0.50          Solved        3.3
         6      142.0    -0.1    10.1    44.1    -5.9   -0.07   -0.50      Acceptable        5.0
         7       61.8    -0.0     6.4    44.1    -7.1    0.03   -0.50          Solved        3.7
         8       11.6    -0.0     1.9    44.1    -6.6    0.09   -0.50          Solved        6.2
         9        6.8     0.0     0.1    44.0    -5.1    0.11    0.04      Acceptable        6.4
        10        7.3    -0.0    -2.0    44.0    -3.3    0.11    0.50      Acceptable        7.6
        11       23.7    -0.0    -4.1    44.0    -1.5    0.09    0.50      Acceptable        8.2
        12       18.8     0.0    -3.7    44.0     0.0    0.05    0.50      Acceptable        6.1
        13        8.1     0.0    -2.3    44.0     0.9    0.01    0.50      Acceptable        6.3
        14        2.3     0.0    -1.0    44.0     1.1   -0.01    0.50          Solved        6.2
        15        1.1     0.0    -0.2    43.9     1.0   -0.02    0.45      Acceptable       11.5
        16        1.1     0.0    -0.2    43.9     0.7   -0.02    0.23      Acceptable       14.6
        17        1.1     0.0    -0.0    43.9     0.4   -0.02   -0.08      Acceptable       11.5
        18        1.1     0.0     0.1    43.9     0.0   -0.02   -0.46      Acceptable       12.1
        19        3.0     0.0     1.3    43.9    -0.3   -0.02   -0.50          Solved        7.5
