14.00 2.00 14.67 0.00 -0.00 -0.00 -0.00 -0.00 14.67 0.00 1.09 Solved
14.00 7.87 14.67 -0.00 -0.00 -0.00 -0.00 0.00 14.67 0.00 1.17 Solved
14.00 13.73 14.67 -0.00 -0.00 0.00 0.00 -0.00 14.67 0.00 1.08 Solved
14.00 19.60 14.67 -0.00 -0.00 0.00 0.00 0.00 14.67 0.00 1.14 Solved
14.00 25.47 14.67 -0.00 0.00 -0.00 -0.00 0.00 14.67 0.00 1.12 Solved
14.00 31.33 14.67 -0.00 0.00 -0.00 0.00 0.00 14.67 0.00 9.04 Algorithm-Received
14.00 37.20 14.67 -0.00 0.00 -0.00 0.00 0.00 14.67 0.00 0.24 Algorithm-Received
14.00 43.07 14.67 -0.00 0.00 -0.00 0.00 0.00 14.67 0.00 0.26 Algorithm-Received
14.00 48.93 14.67 -0.00 0.00 -0.00 0.00 0.00 14.67 0.00 0.29 Algorithm-Received
14.00 54.80 14.67 -0.00 0.00 -0.00 0.00 0.00 14.67 0.00 0.37 Algorithm-Received
14.00 60.67 14.67 -0.00 0.00 -0.00 0.00 0.00 14.67 0.00 0.37 Algorithm-Received
14.00 66.53 14.67 -0.00 0.00 -0.00 0.00 0.00 14.67 0.00 0.37 Algorithm-Received
