32.00 2.00 14.67 0.00 -0.00 -0.00 -0.00 0.00 14.67 0.00 0.75 Solved
32.00 9.33 14.67 -0.00 0.00 -0.00 -0.00 -0.00 14.67 0.00 0.78 Solved
32.00 16.67 14.67 -0.00 0.00 0.00 0.00 0.00 14.67 0.00 0.74 Solved
32.00 24.00 14.67 -0.00 0.00 0.00 0.00 -0.00 14.67 0.00 0.70 Solved
32.00 31.33 14.67 0.00 -0.00 0.00 0.00 -0.25 14.67 0.07 5.58 Acceptable
32.00 38.67 14.67 0.00 -0.04 0.02 0.01 -0.50 14.62 3.08 2.46 Acceptable
32.00 46.00 14.65 0.01 -0.07 0.03 0.02 -0.50 14.57 7.98 3.71 Acceptable
32.08 53.32 14.61 0.03 -0.09 0.04 0.02 -0.50 14.52 10.99 2.30 Acceptable
32.29 60.63 14.57 0.05 -0.09 0.04 0.02 -0.50 14.47 12.87 2.16 Acceptable
32.65 67.91 14.52 0.07 -0.04 0.03 0.02 -0.50 14.49 7.59 2.35 Acceptable
33.16 75.18 14.50 0.09 -0.08 0.03 0.01 -0.50 14.42 7.23 2.38 Acceptable
33.81 82.43 14.46 0.10 -0.55 0.07 0.03 -0.50 13.84 39.66 2.45 Acceptable
34.57 89.66 14.19 0.14 -1.25 0.11 0.05 -0.50 13.20 120.15 4.70 Max-Iter
35.59 96.75 13.56 0.20 -0.67 0.14 0.06 -0.50 13.20 159.16 2.74 Acceptable
37.03 103.53 13.23 0.27 0.22 0.04 0.02 -0.50 13.58 26.36 2.75 Acceptable
39.00 110.15 13.34 0.29 -0.00 -0.03 -0.01 0.50 13.44 30.81 2.97 Acceptable
41.11 116.82 13.34 0.27 -0.50 -0.15 -0.06 0.50 13.20 185.58 2.87 Acceptable
43.09 123.49 13.09 0.19 -0.74 -0.21 -0.09 0.50 13.20 356.82 2.11 Acceptable
44.52 130.03 12.72 0.09 -0.32 -0.21 -0.08 0.50 13.20 333.31 2.44 Acceptable
45.17 136.39 12.56 -0.01 0.01 -0.16 -0.06 0.50 13.20 217.45 2.58 Acceptable
45.06 142.67 12.57 -0.10 0.25 -0.10 -0.04 0.50 13.20 96.13 2.70 Acceptable
44.35 148.95 12.69 -0.15 0.28 -0.05 -0.02 0.50 13.20 39.35 2.59 Acceptable
43.28 155.30 12.83 -0.17 0.32 -0.02 -0.01 0.50 13.31 21.88 2.54 Acceptable
42.04 161.72 12.99 -0.18 0.32 -0.00 -0.00 -0.14 13.46 17.99 3.24 Acceptable
40.73 168.21 13.15 -0.18 0.31 0.02 0.01 -0.50 13.60 18.76 2.35 Acceptable
39.41 174.78 13.30 -0.17 0.31 0.04 0.02 -0.50 13.74 23.72 2.16 Acceptable
38.17 181.44 13.46 -0.15 0.26 0.05 0.02 -0.50 13.83 25.42 2.51 Acceptable
37.08 188.17 13.59 -0.12 0.26 0.05 0.00 0.00 13.96 0.00 0.09 Algorithm-Received
