7.00 1.00 7.33 0.00 -0.00 -0.00 -0.00 0.00 7.33 0.00 0.30 Solved
7.00 3.93 7.33 -0.00 -0.00 0.00 0.00 0.00 7.33 0.00 0.26 Solved
7.00 6.87 7.33 -0.00 0.00 -0.00 -0.00 -0.00 7.33 0.00 0.26 Solved
7.00 9.80 7.33 -0.00 0.00 0.00 0.00 -0.00 7.33 0.00 0.28 Solved
7.00 12.73 7.33 -0.00 -0.00 0.00 0.00 -0.00 7.33 0.00 0.24 Solved
7.00 15.67 7.33 -0.00 0.00 0.00 0.00 -0.00 7.33 0.00 0.25 Solved
7.00 18.60 7.33 -0.00 0.00 -0.00 -0.00 -0.00 7.33 0.00 0.27 Solved
7.00 21.53 7.33 -0.00 -0.00 -0.00 -0.00 -0.00 7.33 0.00 0.22 Solved
7.00 24.47 7.33 -0.00 -0.00 0.00 0.00 -0.00 7.33 0.00 0.24 Solved
7.00 27.40 7.33 -0.00 0.00 -0.00 -0.00 -0.00 7.33 0.00 0.25 Solved
7.00 30.33 7.33 -0.00 0.00 0.00 0.00 -0.00 7.33 0.00 0.26 Solved
7.00 33.27 7.33 -0.00 0.00 0.00 0.00 -0.00 7.33 0.00 0.23 Solved
7.00 36.20 7.33 -0.00 0.00 -0.00 -0.00 -0.00 7.33 0.00 0.23 Solved
7.00 39.13 7.33 -0.00 0.00 0.00 0.00 -0.00 7.33 0.00 0.26 Solved
7.00 42.07 7.33 -0.00 0.00 0.00 0.00 -0.00 7.33 0.00 0.21 Solved
7.00 45.00 7.33 -0.00 2.00 0.35 0.08 -0.53 8.76 1000448.89 2.02 Infeasible
7.00 47.93 8.13 0.14 -0.73 0.25 0.06 -0.50 7.74 271.20 0.75 Solved
7.45 51.16 7.84 0.24 -0.71 0.14 0.03 -0.50 7.43 84.76 0.75 Solved
8.20 54.20 7.56 0.30 0.15 0.05 0.01 -0.50 7.64 12.39 0.63 Solved
9.08 57.09 7.62 0.32 -0.03 0.00 0.00 0.01 7.59 1.10 0.99 Acceptable
10.03 59.99 7.60 0.32 -2.00 -0.12 -0.03 0.50 6.40 112.50 0.84 Solved
10.97 62.88 6.80 0.27 -2.00 -0.35 -0.07 0.54 5.87 917.32 0.95 Infeasible
11.69 65.50 6.00 0.13 -2.00 -0.35 -0.07 0.71 5.87 895.63 0.97 Infeasible
12.00 67.88 5.20 -0.01 1.61 -0.35 -0.06 0.50 6.56 774.55 0.51 Solved
11.98 69.96 5.85 -0.15 0.58 -0.14 -0.03 0.50 6.24 96.23 0.82 Acceptable
11.63 72.28 6.08 -0.21 0.14 -0.00 -0.00 0.41 6.19 7.49 0.75 Solved
11.12 74.65 6.13 -0.21 0.14 -0.00 -0.00 0.13 6.24 6.43 0.73 Acceptable
10.62 77.06 6.19 -0.21 0.13 0.00 0.00 -0.14 6.29 5.51 0.82 Acceptable
10.10 79.48 6.24 -0.21 0.12 0.00 0.00 -0.41 6.33 4.92 0.89 Acceptable
9.59 81.92 6.29 -0.21 -0.51 0.11 0.02 -0.50 6.02 59.83 0.66 Solved
9.07 84.38 6.08 -0.16 -0.20 0.14 0.03 -0.50 6.01 90.32 0.52 Solved
8.67 86.78 6.00 -0.11 0.11 0.09 0.02 -0.50 6.10 37.34 0.94 Solved
8.42 89.16 6.04 -0.07 0.15 0.03 0.01 -0.50 6.16 10.94 0.58 Solved
8.24 91.58 6.10 -0.06 0.14 0.00 0.00 -0.49 6.21 6.72 1.02 Acceptable
8.09 94.01 6.16 -0.06 0.13 0.00 0.00 -0.43 6.26 6.16 0.90 Acceptable
7.94 96.47 6.21 -0.06 0.12 0.00 0.00 -0.42 6.31 5.62 0.93 Acceptable
