14.00 2.00 14.67 0.00 -0.00 0.00 0.00 0.00 14.67 0.00 0.31 Solved
14.00 7.87 14.67 0.00 -0.00 0.00 0.00 0.00 14.67 0.00 0.29 Solved
14.00 13.73 14.67 0.00 0.00 -0.00 -0.00 -0.00 14.67 0.00 0.27 Solved
14.00 19.60 14.67 -0.00 0.00 -0.00 -0.00 -0.00 14.67 0.00 0.27 Solved
14.00 25.47 14.67 -0.00 0.00 -0.00 0.00 0.00 14.67 0.00 0.16 Algorithm-Received
14.00 31.33 14.67 -0.00 0.00 -0.00 0.00 0.00 14.67 0.00 0.22 Algorithm-Received
14.00 37.20 14.67 -0.00 0.00 -0.00 0.00 0.00 14.67 0.00 0.26 Algorithm-Received
14.00 43.07 14.67 -0.00 0.00 -0.00 0.00 0.00 14.67 0.00 0.25 Algorithm-Received
14.00 48.93 14.67 -0.00 0.00 -0.00 0.00 0.00 14.67 0.00 0.25 Algorithm-Received
14.00 54.80 14.67 -0.00 0.00 -0.00 0.00 0.00 14.67 0.00 0.26 Algorithm-Received
14.00 60.67 14.67 -0.00 0.00 -0.00 0.00 0.00 14.67 0.00 0.25 Algorithm-Received
14.00 66.53 14.67 -0.00 0.00 -0.00 0.00 0.00 14.67 0.00 0.25 Algorithm-Received
14.00 72.40 14.67 -0.00 0.00 -0.00 0.00 0.00 14.67 0.00 0.26 Algorithm-Received
14.00 78.27 14.67 -0.00 0.00 -0.00 0.00 0.00 14.67 0.00 0.25 Algorithm-Received
14.00 84.13 14.67 -0.00 0.00 -0.00 0.00 0.00 14.67 0.00 0.26 Algorithm-Received
14.00 90.00 14.67 -0.00 0.00 -0.00 0.00 0.00 14.67 0.00 0.03 Algorithm-Received
14.00 95.87 14.67 -0.00 0.00 -0.00 0.00 0.00 14.67 0.00 0.03 Algorithm-Received
14.00 101.73 14.67 -0.00 0.00 -0.00 0.00 0.00 14.67 0.00 0.05 Algorithm-Received
