7.00 1.00 7.33 0.12 -0.00 0.00 0.00 -0.01 7.33 0.00 1.69 Acceptable
7.18 2.46 7.33 0.12 -0.00 0.00 0.00 0.01 7.33 0.00 1.71 Acceptable
7.36 3.91 7.33 0.12 -0.00 -0.00 -0.00 0.05 7.33 0.00 1.75 Acceptable
7.54 5.37 7.33 0.12 -0.00 -0.00 -0.00 0.10 7.33 0.01 1.74 Solved
7.72 6.82 7.33 0.12 -0.03 -0.02 -0.00 0.10 7.32 2.88 3.02 Acceptable
7.90 8.28 7.33 0.12 -0.03 -0.03 -0.01 0.10 7.31 6.33 2.21 Acceptable
8.08 9.73 7.32 0.11 -0.02 -0.03 -0.01 0.10 7.31 7.14 2.42 Acceptable
8.24 11.19 7.32 0.11 -0.02 -0.03 -0.01 0.10 7.31 6.28 2.55 Acceptable
8.40 12.64 7.31 0.10 -0.03 -0.03 -0.01 0.10 7.30 4.90 3.57 Acceptable
8.54 14.10 7.31 0.09 -0.07 -0.04 -0.01 0.10 7.28 10.03 2.12 Acceptable
8.68 15.55 7.29 0.09 -0.07 -0.05 -0.01 0.10 7.26 16.61 2.16 Acceptable
8.81 17.01 7.28 0.08 -0.05 -0.05 -0.01 0.10 7.26 17.12 1.81 Acceptable
8.92 18.46 7.27 0.07 -0.03 -0.05 -0.01 0.10 7.26 14.17 2.44 Acceptable
9.01 19.91 7.26 0.06 -0.02 -0.04 -0.01 0.10 7.26 10.47 4.36 Acceptable
9.09 21.36 7.26 0.05 -0.01 -0.03 -0.01 0.10 7.26 7.13 2.19 Acceptable
9.16 22.81 7.26 0.04 -0.00 -0.03 -0.01 0.10 7.26 4.77 2.62 Solved
9.22 24.26 7.26 0.04 0.00 -0.02 -0.00 0.10 7.26 3.09 2.04 Acceptable
9.27 25.71 7.26 0.03 0.00 -0.02 -0.00 0.10 7.26 1.90 2.49 Acceptable
9.31 27.16 7.26 0.03 0.01 -0.01 -0.00 0.10 7.26 1.13 2.03 Acceptable
9.35 28.61 7.26 0.02 0.01 -0.01 -0.00 0.10 7.26 0.57 2.04 Solved
9.39 30.07 7.26 0.02 0.01 -0.00 -0.00 0.10 7.27 0.22 1.65 Acceptable
9.42 31.52 7.26 0.02 0.01 -0.00 -0.00 0.10 7.27 0.09 2.72 Acceptable
9.45 32.97 7.26 0.02 0.01 -0.00 -0.00 0.09 7.27 0.09 2.44 Acceptable
9.49 34.42 7.27 0.02 0.01 -0.00 -0.00 0.06 7.27 0.08 2.12 Acceptable
9.52 35.87 7.27 0.02 0.01 -0.00 -0.00 0.02 7.27 0.07 1.67 Acceptable
9.55 37.33 7.27 0.02 0.01 -0.00 -0.00 -0.03 7.27 0.06 2.25 Acceptable
9.58 38.78 7.27 0.02 -0.01 0.00 0.00 -0.10 7.27 0.20 2.58 Acceptable
9.61 40.23 7.27 0.02 -0.03 0.04 0.01 -0.10 7.25 8.14 2.14 Acceptable
9.65 41.69 7.26 0.03 0.00 0.02 0.01 -0.10 7.26 3.20 2.37 Acceptable
9.69 43.14 7.26 0.03 -0.00 0.02 0.00 -0.10 7.26 2.38 2.97 Acceptable
9.74 44.59 7.26 0.04 -0.04 0.03 0.01 -0.10 7.24 4.85 4.79 Solved
9.79 46.04 7.25 0.04 -0.09 0.05 0.01 -0.10 7.21 13.31 2.81 Acceptable
9.86 47.49 7.24 0.05 -0.16 0.07 0.02 -0.10 7.16 30.74 4.49 Acceptable
9.94 48.94 7.20 0.07 -0.53 0.10 0.02 -0.10 6.96 72.69 4.38 Acceptable
10.03 50.37 7.10 0.09 -0.30 0.13 0.03 -0.10 6.97 102.29 4.00 Acceptable
10.16 51.79 7.04 0.11 -0.27 0.09 0.02 -0.10 6.92 53.53 2.89 Acceptable
10.32 53.19 6.98 0.13 -0.76 0.11 0.02 -0.10 6.63 90.04 3.83 Acceptable
10.50 54.57 6.83 0.15 -0.21 0.14 0.03 -0.10 6.76 125.82 3.22 Acceptable
10.71 55.92 6.79 0.18 0.13 0.02 0.00 -0.10 6.86 4.98 3.83 Acceptable
10.96 57.26 6.82 0.19 0.05 0.00 0.00 -0.02 6.84 1.63 7.49 Acceptable
11.21 58.60 6.82 0.19 0.03 -0.00 -0.00 0.10 6.84 1.69 2.04 Acceptable
11.47 59.94 6.83 0.19 -1.30 -0.11 -0.02 0.10 6.44 81.70 8.05 Max-Iter
11.72 61.28 6.57 0.17 -1.52 -0.17 -0.03 0.10 5.87 221.71 4.42 Acceptable
11.94 62.58 6.27 0.13 -2.00 -0.27 -0.05 0.10 5.87 538.39 2.75 Acceptable
12.10 63.82 5.87 0.08 -2.00 -0.34 -0.06 0.10 5.87 852.45 2.79 Acceptable
12.19 64.99 5.47 0.01 -0.96 -0.35 -0.06 0.10 5.87 849.72 3.89 Acceptable
12.20 66.08 5.28 -0.06 -0.09 -0.29 -0.05 0.10 5.87 558.28 3.41 Acceptable
12.14 67.13 5.26 -0.12 0.33 -0.22 -0.04 0.10 5.87 333.03 2.61 Acceptable
12.01 68.18 5.32 -0.16 0.62 -0.15 -0.02 0.10 5.87 168.61 2.59 Acceptable
11.84 69.23 5.45 -0.19 0.58 -0.07 -0.01 0.10 5.87 52.24 3.90 Acceptable
11.63 70.30 5.56 -0.20 0.37 -0.00 -0.00 0.10 5.87 20.51 3.10 Acceptable
11.41 71.39 5.64 -0.20 0.29 -0.00 -0.00 0.06 5.87 17.65 4.78 Acceptable
11.18 72.49 5.70 -0.20 0.23 -0.00 -0.00 0.01 5.87 15.91 6.90 Acceptable
10.95 73.61 5.74 -0.20 0.18 0.00 0.00 -0.09 5.87 14.78 3.41 Acceptable
10.72 74.73 5.78 -0.20 -0.01 0.06 0.01 -0.10 5.87 38.48 5.01 Acceptable
10.48 75.87 5.78 -0.19 -0.02 0.09 0.02 -0.10 5.87 66.66 2.21 Acceptable
10.26 77.00 5.78 -0.17 0.03 0.09 0.02 -0.10 5.87 68.03 3.89 Acceptable
10.06 78.14 5.78 -0.16 0.08 0.08 0.01 -0.10 5.87 54.54 2.25 Acceptable
9.88 79.28 5.80 -0.14 0.10 0.06 0.01 -0.10 5.87 38.86 2.41 Acceptable
9.72 80.43 5.82 -0.13 0.13 0.05 0.01 -0.10 5.90 26.75 7.90 Max-Iter
9.57 81.58 5.84 -0.12 0.14 0.03 0.01 -0.10 5.93 19.03 4.68 Acceptable
9.44 82.74 5.87 -0.11 0.10 0.03 0.01 -0.10 5.93 18.64 8.68 Max-Iter
9.31 83.91 5.89 -0.10 0.02 0.05 0.01 -0.10 5.92 28.77 8.20 Max-Iter
9.18 85.08 5.89 -0.09 0.06 0.06 0.01 -0.10 5.94 32.59 3.41 Acceptable
9.07 86.25 5.91 -0.08 0.10 0.05 0.01 -0.10 5.97 27.78 2.32 Acceptable
8.98 87.43 5.92 -0.07 0.12 0.04 0.01 -0.10 6.00 20.69 6.11 Acceptable
8.89 88.61 5.95 -0.06 0.13 0.02 0.00 -0.10 6.03 14.97 2.59 Acceptable
8.81 89.80 5.98 -0.06 0.14 0.01 0.00 -0.10 6.06 11.59 2.17 Acceptable
