7.00 1.00 7.33 0.12 -0.05 -0.03 -0.01 0.10 7.27 4.17 6.57 Acceptable
7.54 5.37 7.30 0.11 -0.04 -0.03 -0.01 0.10 7.25 5.37 11.43 Acceptable
8.01 9.72 7.28 0.09 -0.02 -0.03 -0.01 0.10 7.25 5.14 5.52 Acceptable
8.41 14.07 7.26 0.07 -0.01 -0.03 -0.01 0.10 7.26 4.01 7.35 Acceptable
8.73 18.41 7.26 0.06 0.01 -0.02 -0.00 0.10 7.29 2.29 14.28 Max-Iter
8.98 22.76 7.27 0.05 0.02 -0.01 -0.00 0.10 7.30 0.52 6.46 Acceptable
9.19 27.12 7.28 0.04 0.01 -0.00 -0.00 0.07 7.30 0.11 6.25 Acceptable
9.37 31.48 7.29 0.04 0.01 -0.00 -0.00 -0.06 7.30 0.11 4.86 Acceptable
9.55 35.85 7.29 0.04 -0.10 0.03 0.01 -0.10 7.16 4.70 7.77 Acceptable
9.73 40.22 7.23 0.06 0.40 0.06 0.01 0.07 8.62 104.65 14.06 Max-Iter
9.97 44.55 7.47 0.09 -0.22 0.02 0.00 -0.10 7.61 9.08 14.59 Max-Iter
10.37 49.01 7.34 0.10 -0.48 -0.04 -0.01 0.10 6.70 14.37 14.01 Max-Iter
10.82 53.39 7.05 0.08 -0.69 -0.08 -0.02 0.10 6.21 53.04 6.74 Acceptable
11.16 57.61 6.63 0.03 -0.19 -0.09 -0.02 0.10 6.51 55.10 13.32 Acceptable
11.29 61.58 6.52 -0.02 0.18 -0.06 -0.01 0.10 6.86 31.45 13.51 Max-Iter
11.22 65.49 6.63 -0.06 0.15 -0.04 -0.01 0.10 6.90 13.88 3.51 Acceptable
10.99 69.46 6.72 -0.08 0.17 -0.02 -0.00 0.10 7.00 4.54 13.72 Max-Iter
10.66 73.48 6.82 -0.09 0.11 -0.00 -0.00 0.05 7.01 1.49 9.47 Acceptable
10.28 77.56 6.89 -0.09 0.10 -0.00 -0.00 -0.07 7.05 1.17 5.74 Acceptable
9.90 81.68 6.95 -0.09 0.08 0.00 0.00 -0.10 7.09 0.92 8.85 Acceptable
9.51 85.83 7.00 -0.09 0.04 0.01 0.00 -0.10 7.08 1.74 14.28 Max-Iter
9.12 90.01 7.02 -0.09 0.12 0.01 0.00 -0.10 7.21 1.48 11.34 Acceptable
