7.00 1.00 7.33 0.08 -0.05 0.03 0.01 -0.10 7.28 2.98 1.00 Solved
7.55 7.58 7.29 0.11 -0.17 0.06 0.01 -0.10 7.12 13.87 2.32 Acceptable
8.25 14.10 7.14 0.16 0.10 0.03 0.01 -0.10 7.29 3.86 1.37 Solved
9.26 20.44 7.23 0.19 -1.00 -0.08 -0.02 0.10 6.08 41.40 1.18 Solved
10.46 26.84 6.33 0.12 -0.69 -0.15 -0.03 0.10 5.87 113.05 0.74 Solved
11.12 32.50 5.71 -0.02 0.10 -0.11 -0.02 0.10 6.06 58.88 1.14 Acceptable
10.99 37.64 5.80 -0.12 0.16 -0.07 -0.01 0.10 6.18 25.50 1.00 Solved
10.36 42.82 5.95 -0.18 0.21 -0.05 -0.01 0.10 6.35 14.82 1.08 Acceptable
9.39 48.08 6.13 -0.22 0.45 -0.04 -0.01 0.10 6.80 10.63 0.92 Solved
8.18 53.47 6.53 -0.25 0.45 -0.04 0.00 0.00 7.20 0.00 0.08 Algorithm-Received
