7.00 1.00 7.33 0.08 -0.16 0.03 0.01 -0.10 7.12 11.47 40.42 Max-Iter
7.24 3.92 7.27 0.10 -0.14 0.04 0.01 -0.10 7.10 17.59 21.91 Acceptable
7.52 6.82 7.22 0.11 0.00 0.04 0.01 -0.10 7.25 18.55 41.20 Acceptable
7.85 9.69 7.22 0.13 0.07 0.03 0.01 -0.10 7.34 11.64 21.20 Acceptable
8.23 12.55 7.25 0.14 0.08 0.01 0.00 -0.10 7.36 1.37 42.33 Max-Iter
8.64 15.42 7.28 0.15 -0.23 -0.02 -0.00 0.10 6.95 7.04 41.31 Max-Iter
9.07 18.30 7.18 0.14 -0.54 -0.04 -0.01 0.10 6.45 32.54 22.61 Acceptable
9.47 21.14 6.97 0.12 -0.55 -0.07 -0.01 0.10 6.27 61.14 38.60 Max-Iter
9.81 23.91 6.75 0.10 -0.54 -0.08 -0.02 0.10 6.10 79.60 15.68 Acceptable
10.08 26.60 6.53 0.07 -0.34 -0.08 -0.02 0.10 6.21 90.54 39.00 Max-Iter
10.25 29.20 6.40 0.03 -0.27 -0.08 -0.02 0.10 6.16 88.92 29.86 Acceptable
10.34 31.76 6.29 0.00 -0.14 -0.08 -0.02 0.10 6.24 85.14 39.18 Max-Iter
10.34 34.28 6.23 -0.03 -0.14 -0.08 -0.02 0.10 6.18 77.65 30.15 Acceptable
10.26 36.77 6.18 -0.06 -0.04 -0.07 -0.01 0.10 6.26 65.38 36.16 Acceptable
10.10 39.24 6.16 -0.09 -0.05 -0.07 -0.01 0.10 6.23 61.03 22.88 Acceptable
9.87 41.69 6.14 -0.12 0.16 -0.05 -0.01 0.10 6.97 232.59 36.87 Max-Iter
9.57 44.13 6.21 -0.14 0.81 -0.06 -0.01 0.10 7.47 52.79 40.18 Max-Iter
9.22 46.59 6.53 -0.17 0.32 -0.02 -0.00 0.10 7.04 10.12 39.41 Max-Iter
8.79 49.17 6.66 -0.17 0.00 0.01 0.00 -0.10 6.70 7.65 34.74 Acceptable
8.33 51.79 6.66 -0.17 -0.35 0.04 0.01 -0.10 6.23 29.21 33.55 Acceptable
7.88 54.42 6.52 -0.16 -0.30 0.06 0.01 -0.10 6.19 58.22 38.11 Max-Iter
7.48 56.99 6.40 -0.13 -0.22 0.07 0.01 -0.10 6.21 68.14 14.87 Acceptable
7.14 59.53 6.31 -0.10 -0.11 0.07 0.01 -0.10 6.29 70.03 38.37 Max-Iter
6.88 62.04 6.27 -0.07 0.09 0.07 0.01 -0.10 6.52 64.84 28.63 Acceptable
6.70 64.54 6.31 -0.05 0.23 0.06 0.01 -0.10 6.72 45.25 15.85 Acceptable
6.58 67.06 6.40 -0.02 0.23 0.04 0.01 -0.10 6.80 28.36 39.35 Max-Iter
6.52 69.62 6.49 -0.01 0.21 0.03 0.01 -0.10 6.84 16.64 33.12 Acceptable
6.51 72.21 6.57 0.01 0.19 0.02 0.00 -0.10 6.89 9.41 20.46 Acceptable
