7.00 1.00 7.33 0.00 0.00 -0.00 -0.00 0.00 7.33 0.00 0.59 Solved
7.00 2.47 7.33 -0.00 -0.00 0.00 0.00 0.00 7.33 0.00 0.56 Solved
7.00 3.93 7.33 0.00 0.00 -0.00 -0.00 -0.00 7.33 0.00 0.59 Solved
7.00 5.40 7.33 -0.00 0.00 0.00 0.00 -0.00 7.33 0.00 0.65 Solved
7.00 6.87 7.33 -0.00 0.00 -0.00 -0.00 -0.00 7.33 0.00 0.58 Solved
7.00 8.33 7.33 -0.00 -0.00 -0.00 -0.00 -0.00 7.33 0.00 0.61 Solved
7.00 9.80 7.33 -0.00 -0.00 -0.00 -0.00 -0.00 7.33 0.00 0.62 Solved
7.00 11.27 7.33 -0.00 0.00 -0.00 -0.00 -0.00 7.33 0.00 0.60 Solved
7.00 12.73 7.33 -0.00 0.00 0.00 0.00 -0.00 7.33 0.00 0.58 Solved
7.00 14.20 7.33 -0.00 -0.00 -0.00 -0.00 -0.00 7.33 0.00 0.66 Solved
7.00 15.67 7.33 -0.00 -0.00 0.00 0.00 -0.00 7.33 0.00 0.58 Solved
7.00 17.13 7.33 -0.00 0.00 0.00 0.00 -0.00 7.33 0.00 0.60 Solved
7.00 18.60 7.33 -0.00 0.00 0.00 0.00 -0.00 7.33 0.00 0.60 Solved
7.00 20.07 7.33 -0.00 0.00 0.00 0.00 -0.00 7.33 0.00 0.61 Solved
7.00 21.53 7.33 -0.00 -0.00 0.00 0.00 -0.00 7.33 0.00 0.54 Solved
7.00 23.00 7.33 -0.00 -0.00 0.00 0.00 -0.00 7.33 0.00 0.54 Solved
7.00 24.47 7.33 -0.00 -0.00 0.00 0.00 -0.00 7.33 0.00 0.57 Solved
7.00 25.93 7.33 -0.00 -0.00 0.00 0.00 -0.00 7.33 0.00 0.58 Solved
7.00 27.40 7.33 -0.00 0.00 0.00 0.00 -0.00 7.33 0.00 0.69 Solved
7.00 28.87 7.33 -0.00 -0.00 0.00 0.00 -0.00 7.33 0.00 0.63 Solved
7.00 30.33 7.33 -0.00 0.00 -0.00 -0.00 -0.00 7.33 0.00 0.64 Solved
7.00 31.80 7.33 -0.00 -0.00 0.00 0.00 -0.00 7.33 0.00 0.56 Solved
7.00 33.27 7.33 -0.00 -0.00 0.00 0.00 -0.00 7.33 0.00 0.55 Solved
7.00 34.73 7.33 -0.00 -0.00 -0.00 -0.00 -0.00 7.33 0.00 0.66 Solved
7.00 36.20 7.33 -0.00 0.00 -0.00 -0.00 -0.00 7.33 0.00 0.61 Solved
7.00 37.67 7.33 -0.00 -0.00 0.00 0.00 -0.00 7.33 0.00 0.60 Solved
7.00 39.13 7.33 -0.00 0.00 -0.00 -0.00 -0.00 7.33 0.00 0.60 Solved
7.00 40.60 7.33 -0.00 0.00 -0.00 -0.00 -0.00 7.33 0.00 0.68 Solved
7.00 42.07 7.33 -0.00 0.00 0.00 0.00 -0.00 7.33 0.00 0.57 Solved
7.00 43.53 7.33 -0.00 -0.00 0.00 0.00 -0.00 7.33 0.00 0.57 Solved
7.00 45.00 7.33 -0.00 -0.00 0.00 0.00 -0.00 7.33 0.00 0.64 Solved
7.00 46.47 7.33 -0.00 0.00 0.00 0.00 -0.00 7.33 0.00 0.59 Solved
7.00 47.93 7.33 -0.00 -0.00 -0.00 -0.00 -0.00 7.33 0.00 0.63 Solved
7.00 49.40 7.33 -0.00 0.00 -0.00 -0.00 -0.00 7.33 0.00 0.66 Solved
7.00 50.87 7.33 -0.00 0.00 0.00 0.00 -0.00 7.33 0.00 0.62 Solved
7.00 52.33 7.33 -0.00 0.00 0.00 0.00 -0.00 7.33 0.00 0.60 Solved
7.00 53.80 7.33 -0.00 0.00 -0.00 -0.00 -0.00 7.33 0.00 0.69 Solved
7.00 55.27 7.33 -0.00 0.00 -0.00 -0.00 -0.00 7.33 0.00 0.62 Solved
7.00 56.73 7.33 -0.00 -0.00 -0.00 -0.00 -0.00 7.33 0.00 0.64 Solved
7.00 58.20 7.33 -0.00 -0.00 0.00 0.00 -0.00 7.33 0.00 0.61 Solved
7.00 59.67 7.33 -0.00 -0.00 0.00 0.00 -0.00 7.33 0.00 0.65 Solved
7.00 61.13 7.33 -0.00 -0.00 0.00 0.00 -0.00 7.33 0.00 0.61 Solved
7.00 62.60 7.33 -0.00 -0.00 0.00 0.00 -0.00 7.33 0.00 0.54 Solved
7.00 64.07 7.33 -0.00 -0.00 0.00 0.00 -0.00 7.33 0.00 0.59 Solved
7.00 65.53 7.33 -0.00 0.00 0.00 0.00 -0.00 7.33 0.00 0.63 Solved
7.00 67.00 7.33 -0.00 -0.00 0.00 0.00 -0.00 7.33 0.00 0.62 Solved
7.00 68.47 7.33 -0.00 -0.00 0.00 0.00 -0.00 7.33 0.00 0.60 Solved
7.00 69.93 7.33 -0.00 0.00 0.00 0.00 -0.00 7.33 0.00 0.62 Solved
7.00 71.40 7.33 -0.00 0.00 0.00 0.00 -0.00 7.33 0.00 0.54 Solved
7.00 72.87 7.33 -0.00 -0.00 0.00 0.00 -0.00 7.33 0.00 0.59 Solved
7.00 74.33 7.33 0.00 -0.00 0.00 0.00 -0.00 7.33 0.00 0.60 Solved
7.00 75.80 7.33 0.00 -0.00 -0.00 -0.00 -0.00 7.33 0.00 0.59 Solved
7.00 77.27 7.33 0.00 -0.00 -0.00 -0.00 -0.00 7.33 0.00 0.59 Solved
7.00 78.73 7.33 0.00 0.00 0.00 0.00 -0.00 7.33 0.00 0.68 Solved
7.00 80.20 7.33 0.00 0.00 0.00 0.00 -0.00 7.33 0.00 0.65 Solved
7.00 81.67 7.33 0.00 0.00 -0.00 -0.00 -0.00 7.33 0.00 0.57 Solved
7.00 83.13 7.33 0.00 0.00 -0.00 -0.00 -0.00 7.33 0.00 0.56 Solved
7.00 84.60 7.33 0.00 0.00 0.00 0.00 -0.00 7.33 0.00 0.58 Solved
7.00 86.07 7.33 0.00 0.00 0.00 0.00 -0.00 7.33 0.00 0.57 Solved
7.00 87.53 7.33 0.00 -0.00 0.00 0.00 -0.00 7.33 0.00 0.59 Solved
7.00 89.00 7.33 0.00 0.00 0.00 0.00 -0.00 7.33 0.00 0.64 Solved
7.00 90.47 7.33 0.00 0.00 0.00 0.00 -0.00 7.33 0.00 0.63 Solved
7.00 91.93 7.33 0.00 0.00 -0.00 -0.00 -0.00 7.33 0.00 0.55 Solved
7.00 93.40 7.33 0.00 0.00 -0.00 -0.00 -0.00 7.33 0.00 0.56 Solved
7.00 94.87 7.33 0.00 -0.00 0.00 0.00 -0.00 7.33 0.00 0.60 Solved
7.00 96.33 7.33 0.00 -0.00 -0.00 -0.00 -0.00 7.33 0.00 0.58 Solved
