7.00 1.00 7.33 0.12 -0.01 -0.01 -0.00 0.10 7.32 0.84 3.46 Acceptable
7.36 3.91 7.33 0.12 -0.02 -0.02 -0.00 0.10 7.31 1.86 4.10 Acceptable
7.71 6.82 7.32 0.11 -0.05 -0.02 -0.01 0.10 7.28 3.32 3.91 Acceptable
8.04 9.73 7.30 0.10 -0.06 -0.03 -0.01 0.10 7.25 6.91 7.37 Acceptable
8.34 12.64 7.28 0.09 -0.04 -0.04 -0.01 0.10 7.25 7.92 4.69 Acceptable
8.60 15.54 7.26 0.08 -0.03 -0.03 -0.01 0.10 7.25 7.04 2.49 Acceptable
8.81 18.43 7.25 0.06 -0.01 -0.03 -0.01 0.10 7.25 5.36 4.98 Acceptable
8.99 21.33 7.25 0.05 0.00 -0.02 -0.01 0.10 7.26 3.52 3.46 Acceptable
9.14 24.22 7.25 0.04 0.01 -0.02 -0.00 0.10 7.27 1.78 5.30 Acceptable
9.26 27.12 7.25 0.03 0.02 -0.01 -0.00 0.10 7.27 0.44 3.88 Acceptable
9.35 30.02 7.26 0.03 0.01 -0.00 -0.00 0.06 7.28 0.09 11.32 Max-Iter
9.44 32.93 7.27 0.03 0.01 -0.00 -0.00 -0.07 7.28 0.09 2.84 Acceptable
9.53 35.83 7.27 0.03 0.01 0.00 0.00 -0.10 7.28 0.09 3.90 Acceptable
9.62 38.74 7.27 0.03 -0.03 0.02 0.00 -0.10 7.25 1.79 3.56 Acceptable
9.71 41.65 7.26 0.04 -0.25 0.04 0.01 -0.10 7.03 12.85 4.02 Acceptable
9.82 44.55 7.16 0.05 -0.38 0.06 0.01 -0.10 6.92 32.09 11.42 Max-Iter
9.97 47.41 7.01 0.08 -0.32 0.09 0.02 -0.10 6.75 48.18 11.35 Max-Iter
10.20 50.20 6.88 0.11 0.13 0.04 0.01 -0.10 7.04 13.13 7.88 Acceptable
10.51 52.94 6.94 0.13 0.07 0.00 0.00 -0.02 7.02 1.09 8.22 Acceptable
10.88 55.69 6.96 0.13 -0.89 -0.05 -0.01 0.10 6.14 36.86 7.41 Acceptable
11.25 58.45 6.61 0.11 -1.47 -0.13 -0.03 0.10 5.87 148.16 10.96 Max-Iter
11.54 61.08 6.02 0.06 -0.86 -0.16 -0.03 0.10 5.87 179.63 9.32 Acceptable
11.68 63.48 5.67 -0.00 -0.05 -0.14 -0.03 0.10 5.87 145.07 3.99 Acceptable
11.67 65.75 5.66 -0.06 0.05 -0.10 -0.02 0.10 5.87 81.43 10.42 Max-Iter
11.53 68.01 5.68 -0.10 0.42 -0.06 -0.01 0.10 6.17 38.15 10.58 Max-Iter
11.31 70.27 5.84 -0.12 0.29 -0.02 -0.00 0.10 6.18 14.30 10.22 Max-Iter
11.02 72.59 5.96 -0.13 0.24 -0.00 -0.00 0.08 6.23 10.11 10.49 Max-Iter
10.70 74.95 6.06 -0.13 0.22 -0.00 -0.00 0.00 6.31 8.79 5.26 Acceptable
10.38 77.35 6.14 -0.13 0.18 0.01 0.00 -0.10 6.35 7.96 3.93 Acceptable
10.06 79.79 6.21 -0.13 0.11 0.03 0.01 -0.10 6.36 12.91 9.26 Acceptable
9.74 82.25 6.26 -0.12 0.13 0.04 0.01 -0.10 6.43 14.36 3.72 Acceptable
9.44 84.74 6.31 -0.10 0.16 0.03 0.01 -0.10 6.51 11.05 7.16 Acceptable
9.19 87.25 6.37 -0.09 0.17 0.02 0.00 -0.10 6.57 6.92 7.50 Acceptable
8.95 89.79 6.44 -0.08 0.16 0.01 0.00 -0.10 6.62 4.50 4.29 Acceptable
