7.00 1.00 7.33 0.08 -0.00 0.00 0.00 -0.04 7.33 0.00 1.69 Acceptable
7.12 2.46 7.33 0.08 -0.00 0.00 0.00 -0.06 7.33 0.01 1.77 Acceptable
7.24 3.92 7.33 0.08 -0.00 0.00 0.00 -0.09 7.33 0.01 1.76 Acceptable
7.37 5.38 7.33 0.08 -0.00 0.01 0.00 -0.10 7.33 0.31 2.48 Acceptable
7.49 6.85 7.33 0.08 -0.01 0.02 0.00 -0.10 7.33 1.69 3.13 Acceptable
7.61 8.31 7.33 0.09 -0.02 0.02 0.01 -0.10 7.32 3.77 2.21 Acceptable
7.74 9.77 7.33 0.09 -0.04 0.03 0.01 -0.10 7.31 6.42 2.18 Solved
7.88 11.23 7.32 0.10 -0.06 0.04 0.01 -0.10 7.29 10.69 1.65 Acceptable
8.02 12.68 7.31 0.11 -0.08 0.05 0.01 -0.10 7.27 16.58 2.14 Acceptable
8.18 14.14 7.29 0.12 -0.08 0.06 0.01 -0.10 7.26 20.21 2.12 Acceptable
8.35 15.58 7.27 0.13 -0.12 0.06 0.01 -0.10 7.22 26.04 3.29 Acceptable
8.54 17.03 7.25 0.14 -0.36 0.09 0.02 -0.10 7.08 50.57 2.74 Acceptable
8.74 18.46 7.18 0.16 -0.29 0.11 0.02 -0.10 7.05 78.50 2.01 Acceptable
8.97 19.88 7.12 0.18 -0.34 0.10 0.02 -0.10 6.97 60.41 3.37 Acceptable
9.23 21.28 7.05 0.20 -0.03 0.10 0.02 -0.10 7.05 64.14 3.58 Acceptable
9.51 22.66 7.05 0.22 0.12 0.03 0.01 -0.10 7.11 5.35 6.33 Acceptable
9.82 24.04 7.07 0.23 0.03 0.00 0.00 -0.06 7.09 0.47 2.22 Acceptable
10.14 25.41 7.08 0.23 0.02 0.00 0.00 0.01 7.09 0.45 2.35 Acceptable
10.46 26.79 7.08 0.23 -0.13 -0.02 -0.00 0.10 7.02 3.87 3.31 Acceptable
10.78 28.17 7.06 0.22 -1.33 -0.11 -0.02 0.10 6.41 105.16 8.20 Max-Iter
11.09 29.55 6.79 0.20 -2.00 -0.20 -0.04 0.10 5.87 348.77 2.75 Acceptable
11.36 30.88 6.39 0.16 -2.00 -0.32 -0.06 0.10 5.87 702.37 3.53 Acceptable
11.57 32.14 5.99 0.10 -2.00 -0.33 -0.06 0.10 5.87 747.89 2.87 Acceptable
11.68 33.33 5.59 0.03 -1.08 -0.31 -0.05 0.10 5.87 658.53 7.97 Max-Iter
11.72 34.45 5.37 -0.03 -0.35 -0.27 -0.05 0.10 5.87 511.52 8.08 Max-Iter
11.69 35.52 5.30 -0.08 0.27 -0.22 -0.04 0.10 5.87 338.70 3.32 Acceptable
11.60 36.58 5.36 -0.13 0.53 -0.15 -0.02 0.10 5.87 170.15 6.53 Acceptable
11.47 37.64 5.46 -0.16 0.45 -0.09 -0.02 0.10 5.87 79.59 2.40 Acceptable
11.29 38.72 5.55 -0.18 0.37 -0.06 -0.01 0.10 5.87 43.86 3.29 Acceptable
11.10 39.82 5.63 -0.19 0.31 -0.04 -0.01 0.10 5.87 29.25 2.25 Acceptable
10.89 40.92 5.69 -0.20 0.25 -0.02 -0.00 0.10 5.87 17.98 3.27 Acceptable
10.66 42.04 5.74 -0.20 0.19 -0.00 -0.00 0.10 5.87 14.87 3.06 Acceptable
10.44 43.16 5.78 -0.20 0.15 -0.00 -0.00 0.10 5.87 14.10 2.84 Acceptable
10.21 44.29 5.81 -0.20 0.13 -0.01 -0.00 0.10 5.89 14.34 4.67 Acceptable
9.97 45.43 5.83 -0.20 0.14 -0.02 -0.00 0.10 5.92 14.48 2.75 Acceptable
9.74 46.57 5.86 -0.21 0.13 -0.01 -0.00 0.10 5.94 13.47 2.24 Acceptable
9.50 47.72 5.89 -0.21 0.10 -0.03 -0.00 0.10 5.95 16.07 7.01 Acceptable
9.26 48.87 5.91 -0.21 0.13 -0.03 -0.00 0.10 5.99 16.19 2.50 Acceptable
9.01 50.03 5.93 -0.22 0.14 -0.01 -0.00 0.10 6.02 12.49 3.30 Acceptable
8.75 51.19 5.96 -0.22 0.05 -0.03 -0.00 0.10 6.00 15.47 7.73 Max-Iter
8.49 52.35 5.97 -0.23 0.02 -0.05 -0.01 0.10 6.00 29.02 3.41 Acceptable
8.22 53.51 5.98 -0.24 0.10 -0.05 -0.01 0.10 6.04 27.25 4.74 Acceptable
7.94 54.68 6.00 -0.25 -0.02 -0.06 -0.01 0.10 6.01 31.04 4.58 Acceptable
7.64 55.84 5.99 -0.26 -0.27 -0.09 -0.02 0.10 5.88 65.35 3.61 Acceptable
7.34 57.00 5.94 -0.28 0.37 -0.07 -0.01 0.10 6.14 44.35 3.63 Acceptable
7.01 58.14 6.01 -0.29 0.13 -0.00 -0.00 0.10 6.09 10.15 4.21 Acceptable
6.66 59.29 6.04 -0.29 0.12 -0.00 -0.00 -0.05 6.11 9.76 7.89 Max-Iter
6.32 60.45 6.06 -0.29 -1.37 0.13 0.02 -0.10 5.87 149.56 6.98 Acceptable
5.97 61.61 5.79 -0.27 -1.80 0.26 0.05 -0.10 5.87 504.91 2.19 Acceptable
5.66 62.73 5.43 -0.22 -1.13 0.30 0.05 -0.10 5.87 629.77 7.65 Max-Iter
5.43 63.79 5.21 -0.16 -1.09 0.29 0.05 -0.10 5.87 656.22 4.15 Acceptable
5.27 64.82 4.99 -0.10 -0.62 0.30 0.05 -0.10 5.87 665.69 6.46 Acceptable
5.17 65.81 4.86 -0.04 -0.05 0.28 0.04 -0.10 5.87 585.94 7.53 Max-Iter
5.13 66.78 4.85 0.02 0.43 0.24 0.04 -0.10 5.87 447.47 4.55 Acceptable
5.15 67.75 4.94 0.07 0.67 0.19 0.03 -0.10 5.87 302.51 2.44 Acceptable
5.21 68.74 5.07 0.10 0.86 0.13 0.02 -0.10 5.87 156.87 3.27 Acceptable
5.32 69.74 5.24 0.13 0.76 0.05 0.01 -0.10 5.87 53.48 3.76 Acceptable
5.45 70.78 5.39 0.14 0.54 0.00 0.00 -0.10 5.87 28.69 4.52 Acceptable
5.60 71.85 5.50 0.14 0.43 0.00 0.00 -0.06 5.87 23.01 7.08 Acceptable
5.76 72.94 5.59 0.14 0.34 0.00 0.00 -0.01 5.87 19.36 2.66 Acceptable
5.91 74.05 5.66 0.14 0.27 0.00 0.00 0.03 5.87 17.00 2.66 Acceptable
6.07 75.17 5.71 0.14 0.22 -0.00 -0.00 0.08 5.87 15.47 3.04 Acceptable
6.23 76.30 5.76 0.14 0.16 -0.01 -0.00 0.10 5.87 15.48 2.53 Acceptable
6.39 77.44 5.79 0.14 0.01 -0.05 -0.01 0.10 5.87 30.87 3.02 Acceptable
6.54 78.59 5.79 0.13 -0.04 -0.09 -0.02 0.10 5.87 63.82 3.00 Acceptable
6.69 79.74 5.78 0.11 0.01 -0.10 -0.02 0.10 5.87 71.29 4.20 Acceptable
6.82 80.89 5.78 0.09 0.06 -0.09 -0.02 0.10 5.87 60.97 1.89 Acceptable
6.92 82.04 5.79 0.07 0.08 -0.07 -0.01 0.10 5.87 45.98 2.15 Acceptable
7.00 83.19 5.81 0.06 0.11 -0.06 -0.01 0.10 5.88 33.23 5.48 Acceptable
7.07 84.35 5.83 0.05 0.12 -0.04 -0.01 0.10 5.91 24.50 3.27 Acceptable
7.12 85.52 5.86 0.04 0.13 -0.03 -0.01 0.10 5.94 19.02 2.60 Acceptable
7.17 86.69 5.88 0.03 0.13 -0.02 -0.00 0.10 5.96 15.63 2.14 Acceptable
7.20 87.87 5.91 0.03 0.13 -0.02 -0.00 0.10 5.99 13.70 2.01 Acceptable
7.23 89.05 5.94 0.02 0.13 -0.01 -0.00 0.10 6.01 12.64 2.03 Acceptable
7.26 90.23 5.96 0.02 0.13 -0.01 -0.00 0.10 6.04 12.06 2.18 Acceptable
7.28 91.43 5.99 0.02 0.12 -0.01 -0.00 0.10 6.06 11.67 4.40 Acceptable
