7.00 1.00 7.33 0.00 -0.00 -0.00 -0.00 0.00 7.33 0.00 0.66 Solved
7.00 5.40 7.33 -0.00 -0.00 0.00 0.00 0.00 7.33 0.00 0.66 Solved
7.00 9.80 7.33 0.00 -0.00 -0.00 -0.00 0.00 7.33 0.00 0.66 Solved
7.00 14.20 7.33 0.00 0.00 -0.00 -0.00 0.00 7.33 0.00 0.64 Solved
7.00 18.60 7.33 0.00 0.00 0.00 0.00 0.00 7.33 0.00 0.66 Solved
7.00 23.00 7.33 0.00 -0.00 -0.00 -0.00 0.00 7.33 0.00 0.71 Solved
7.00 27.40 7.33 0.00 -0.00 -0.00 -0.00 0.00 7.33 0.00 0.65 Solved
7.00 31.80 7.33 0.00 -0.00 -0.00 -0.00 0.00 7.33 0.00 0.68 Solved
7.00 36.20 7.33 0.00 -0.00 -0.00 -0.00 0.00 7.33 0.00 0.64 Solved
7.00 40.60 7.33 0.00 -0.00 0.00 0.00 0.00 7.33 0.00 1.02 Solved
7.00 45.00 7.33 0.00 -0.00 -0.00 -0.00 0.00 7.33 0.00 0.71 Solved
7.00 49.40 7.33 0.00 -0.00 -0.00 -0.00 0.00 7.33 0.00 0.68 Solved
7.00 53.80 7.33 0.00 0.00 -0.00 -0.00 0.00 7.33 0.00 0.64 Solved
7.00 58.20 7.33 0.00 0.00 -0.00 -0.00 0.00 7.33 0.00 0.67 Solved
7.00 62.60 7.33 0.00 0.00 -0.00 -0.00 0.00 7.33 0.00 0.77 Solved
7.00 67.00 7.33 0.00 0.00 -0.00 -0.00 0.00 7.33 0.00 0.64 Solved
7.00 71.40 7.33 0.00 0.00 -0.00 -0.00 0.00 7.33 0.00 0.63 Solved
7.00 75.80 7.33 0.00 0.00 -0.00 -0.00 0.00 7.33 0.00 0.67 Solved
7.00 80.20 7.33 0.00 0.00 -0.00 -0.00 0.00 7.33 0.00 0.76 Solved
7.00 84.60 7.33 -0.00 0.00 -0.00 -0.00 0.00 7.33 0.00 0.64 Solved
7.00 89.00 7.33 -0.00 -0.00 -0.00 -0.00 0.00 7.33 0.00 0.75 Solved
7.00 93.40 7.33 -0.00 -0.00 -0.00 0.00 0.00 7.33 0.00 0.06 Algorithm-Received
