7.00 1.00 7.33 0.08 -0.08 0.03 0.01 -0.10 7.23 5.90 8.31 Acceptable
7.37 5.38 7.28 0.10 -0.14 0.05 0.01 -0.10 7.12 13.68 13.88 Max-Iter
7.81 9.73 7.20 0.13 0.01 0.04 0.01 -0.10 7.25 11.20 10.66 Acceptable
8.36 14.02 7.21 0.15 0.01 0.00 0.00 -0.10 7.31 0.68 13.74 Max-Iter
9.03 18.29 7.22 0.16 -0.52 -0.04 -0.01 0.10 6.55 20.05 12.22 Acceptable
9.70 22.57 6.90 0.13 -0.70 -0.09 -0.02 0.10 6.08 63.71 13.88 Max-Iter
10.24 26.67 6.48 0.08 -0.57 -0.10 -0.02 0.10 5.89 78.66 4.42 Acceptable
10.54 30.55 6.14 0.02 -0.22 -0.09 -0.02 0.10 6.04 70.88 4.57 Acceptable
10.61 34.23 6.01 -0.04 -0.07 -0.08 -0.02 0.10 6.10 57.55 11.90 Acceptable
10.48 37.83 5.97 -0.09 0.11 -0.07 -0.01 0.10 6.29 42.67 12.58 Max-Iter
10.16 41.40 6.04 -0.13 0.11 -0.07 -0.01 0.10 6.34 35.30 3.60 Acceptable
9.69 44.99 6.10 -0.17 1.26 -0.04 -0.01 0.10 8.24 134.45 13.44 Max-Iter
9.07 48.60 6.86 -0.19 0.07 -0.00 -0.00 -0.10 7.00 2.19 13.60 Max-Iter
8.28 52.64 6.91 -0.19 -0.66 0.05 0.01 -0.10 6.10 34.88 6.40 Acceptable
7.49 56.71 6.51 -0.16 -0.45 0.09 0.02 -0.10 6.08 72.28 13.23 Max-Iter
6.87 60.57 6.24 -0.10 -0.14 0.09 0.02 -0.10 6.22 65.60 7.79 Acceptable
6.48 64.29 6.15 -0.05 0.28 0.07 0.01 -0.10 6.67 45.43 6.13 Acceptable
6.31 67.98 6.32 -0.00 0.25 0.04 0.01 -0.10 6.75 17.48 5.05 Acceptable
6.30 71.77 6.47 0.02 0.20 0.02 0.00 -0.10 6.81 6.27 9.16 Acceptable
6.38 75.65 6.59 0.03 0.17 0.00 0.00 -0.10 6.87 2.94 5.34 Acceptable
6.52 79.60 6.69 0.04 0.14 0.00 0.00 0.02 6.93 2.18 13.89 Max-Iter
6.67 83.62 6.78 0.04 0.12 -0.00 -0.00 0.10 6.97 1.86 4.95 Acceptable
6.82 87.68 6.85 0.03 0.10 -0.01 -0.00 0.10 7.02 1.97 5.47 Acceptable
6.96 91.79 6.90 0.03 0.04 -0.02 -0.00 0.10 7.00 3.30 5.51 Acceptable
7.08 95.93 6.93 0.02 0.04 -0.02 0.00 0.00 7.03 0.00 0.13 Algorithm-Received
