15.00 2.00 14.67 0.00 -0.00 -0.00 -0.00 0.00 14.67 0.00 3.38 Solved
15.00 9.33 14.67 -0.00 -0.00 0.00 0.00 -0.00 14.67 0.00 3.83 Solved
15.00 16.67 14.67 0.00 -0.00 0.00 0.00 0.00 14.67 0.00 16.56 Algorithm-Received
15.00 24.00 14.67 0.00 -1.03 0.23 0.10 -0.50 13.46 229.52 23.42 Max-Iter
15.00 31.33 14.15 0.11 -1.06 0.14 0.06 -0.50 13.20 168.80 10.49 Acceptable
15.83 38.41 13.62 0.18 -0.75 0.14 0.06 -0.50 13.20 158.50 11.26 Acceptable
17.18 45.22 13.25 0.25 -0.41 0.11 0.05 -0.50 13.20 110.85 9.94 Acceptable
19.03 51.85 13.05 0.31 -0.17 0.08 0.03 -0.50 13.20 68.14 9.91 Acceptable
21.28 58.37 12.96 0.35 -0.00 0.05 0.02 -0.50 13.20 35.23 9.14 Acceptable
23.84 64.85 12.96 0.37 -0.02 0.04 0.02 -0.50 13.20 29.34 8.57 Acceptable
26.58 71.33 12.95 0.40 -0.17 0.07 0.03 -0.50 13.20 48.48 11.57 Acceptable
29.49 77.81 12.86 0.43 0.15 0.03 0.01 -0.50 13.20 25.37 12.69 Acceptable
32.64 84.24 12.94 0.45 0.31 -0.02 -0.01 0.50 13.41 21.35 11.49 Acceptable
35.92 90.71 13.09 0.44 0.35 -0.11 -0.05 0.50 13.62 104.02 11.92 Acceptable
39.12 97.25 13.27 0.38 0.36 -0.14 -0.06 0.50 13.78 153.31 9.41 Acceptable
41.91 103.89 13.45 0.31 0.31 -0.14 -0.06 0.50 13.88 147.59 10.81 Acceptable
44.17 110.61 13.60 0.24 0.07 -0.14 -0.06 0.50 13.74 131.93 10.49 Acceptable
45.92 117.41 13.64 0.17 -0.63 -0.15 -0.06 0.50 13.20 158.69 14.76 Acceptable
47.17 124.23 13.32 0.10 -0.81 -0.18 -0.07 0.50 13.20 242.23 9.15 Acceptable
47.88 130.89 12.92 0.01 -0.45 -0.18 -0.07 0.50 13.20 249.81 8.49 Acceptable
47.93 137.35 12.69 -0.09 -0.16 -0.15 -0.06 0.50 13.20 167.04 11.59 Acceptable
47.29 143.70 12.61 -0.16 0.13 -0.10 -0.04 0.50 13.20 84.97 10.57 Acceptable
46.12 150.00 12.68 -0.21 0.21 -0.06 -0.02 0.50 13.20 44.51 10.22 Acceptable
44.60 156.34 12.78 -0.24 0.27 -0.02 -0.01 0.50 13.21 23.71 11.88 Acceptable
42.86 162.73 12.91 -0.25 0.26 -0.02 -0.01 0.50 13.32 19.42 10.85 Acceptable
41.04 169.19 13.04 -0.26 0.25 -0.01 -0.01 0.50 13.43 17.02 11.17 Acceptable
39.15 175.71 13.17 -0.26 0.18 -0.02 -0.01 0.50 13.46 15.56 11.68 Acceptable
37.22 182.29 13.25 -0.27 0.15 -0.02 -0.01 0.50 13.51 14.38 12.59 Acceptable
