7.00 1.00 7.33 0.08 -0.16 0.04 0.01 -0.10 7.12 21.11 37.15 Acceptable
7.24 3.92 7.27 0.10 -0.02 0.04 0.01 -0.10 7.28 21.00 25.27 Acceptable
7.54 6.82 7.26 0.12 0.06 0.04 0.01 -0.10 7.38 14.14 49.91 Acceptable
7.88 9.70 7.29 0.13 0.09 0.01 0.00 -0.10 7.44 2.45 36.03 Acceptable
8.26 12.59 7.32 0.14 -0.14 -0.01 -0.00 0.10 7.10 4.55 59.84 Max-Iter
8.66 15.49 7.27 0.13 -0.39 -0.03 -0.01 0.10 6.67 22.41 34.25 Acceptable
9.04 18.37 7.11 0.12 -0.43 -0.05 -0.01 0.11 6.49 43.97 58.11 Max-Iter
9.38 21.20 6.94 0.10 -0.47 -0.06 -0.01 0.10 6.30 62.77 44.44 Acceptable
9.66 23.96 6.75 0.08 -0.32 -0.07 -0.01 0.10 6.37 74.50 54.79 Max-Iter
9.87 26.65 6.62 0.05 -0.32 -0.07 -0.01 0.10 6.26 80.36 56.82 Max-Iter
10.00 29.30 6.50 0.02 -0.29 -0.18 -0.04 0.10 8.80 535.81 55.46 Max-Iter
10.06 31.89 6.38 -0.05 0.08 -0.04 -0.01 0.10 6.57 38.96 40.14 Acceptable
9.93 34.44 6.41 -0.06 -0.05 -0.04 -0.01 0.10 6.41 42.35 56.27 Max-Iter
9.77 37.00 6.39 -0.08 -0.04 -0.05 -0.01 0.10 6.43 45.07 55.76 Max-Iter
