7.00 1.00 7.33 0.08 -0.06 0.03 0.01 -0.10 7.27 5.60 56.66 Max-Iter
7.24 3.92 7.31 0.09 -0.17 0.03 0.01 -0.10 7.11 9.71 42.41 Acceptable
7.52 6.83 7.24 0.11 -0.14 0.04 0.01 -0.10 7.09 17.62 20.64 Acceptable
7.82 9.72 7.19 0.12 0.02 0.05 0.01 -0.10 7.24 18.62 51.43 Acceptable
8.18 12.57 7.20 0.14 0.04 0.03 0.01 -0.10 7.26 10.15 31.68 Acceptable
8.59 15.42 7.21 0.16 0.04 0.00 0.00 -0.10 7.26 0.72 25.27 Acceptable
9.04 18.27 7.23 0.16 -0.36 -0.03 -0.01 0.10 6.78 12.44 56.69 Max-Iter
9.49 21.12 7.08 0.15 -0.73 -0.06 -0.01 0.10 6.20 49.67 46.57 Acceptable
9.91 23.93 6.79 0.12 -0.81 -0.08 -0.02 0.10 5.87 87.44 30.55 Acceptable
10.24 26.62 6.47 0.09 -0.63 -0.10 -0.02 0.10 5.87 104.56 31.23 Acceptable
10.47 29.20 6.21 0.05 -0.42 -0.10 -0.02 0.10 5.87 109.56 27.96 Acceptable
10.60 31.68 6.05 0.01 -0.22 -0.09 -0.02 0.10 5.92 96.90 43.18 Acceptable
10.63 34.10 5.96 -0.03 -0.10 -0.09 -0.02 0.10 5.99 86.20 31.98 Acceptable
10.56 36.48 5.92 -0.06 -0.01 -0.08 -0.01 0.10 6.05 71.11 49.76 Max-Iter
10.41 38.84 5.92 -0.09 0.15 -0.07 -0.01 0.10 6.23 58.06 27.24 Acceptable
10.19 41.20 5.97 -0.12 0.00 -0.07 -0.01 0.10 6.09 50.18 52.63 Max-Iter
