7.00 1.00 7.33 0.08 -0.01 0.01 0.00 -0.10 7.32 0.67 6.01 Acceptable
7.24 3.92 7.33 0.09 -0.03 0.02 0.00 -0.10 7.30 2.35 22.99 Max-Iter
7.50 6.84 7.32 0.10 -0.06 0.03 0.01 -0.10 7.26 6.03 18.38 Acceptable
7.78 9.76 7.29 0.11 -0.23 0.05 0.01 -0.10 7.09 14.04 10.72 Acceptable
8.09 12.66 7.20 0.13 -0.17 0.07 0.01 -0.10 7.07 27.33 6.13 Acceptable
8.45 15.51 7.13 0.15 0.08 0.06 0.01 -0.10 7.23 22.50 22.37 Max-Iter
8.88 18.33 7.17 0.18 0.06 0.03 0.01 -0.10 7.23 5.46 7.66 Acceptable
9.38 21.16 7.19 0.19 -0.04 -0.01 -0.00 0.10 7.16 0.60 16.87 Acceptable
9.92 23.98 7.18 0.19 -1.12 -0.08 -0.02 0.10 6.16 66.60 17.03 Acceptable
10.45 26.81 6.73 0.15 -1.44 -0.14 -0.03 0.10 5.87 155.56 6.87 Acceptable
10.86 29.47 6.15 0.10 -1.00 -0.17 -0.03 0.10 5.87 203.81 7.80 Acceptable
11.10 31.91 5.75 0.03 -0.38 -0.15 -0.03 0.10 5.87 169.05 5.98 Acceptable
11.18 34.21 5.60 -0.03 -0.05 -0.13 -0.02 0.10 5.87 125.65 6.29 Acceptable
11.11 36.45 5.58 -0.08 0.14 -0.10 -0.02 0.10 5.87 75.96 6.83 Acceptable
10.93 38.68 5.64 -0.12 0.13 -0.08 -0.01 0.10 5.87 50.83 5.20 Acceptable
10.66 40.92 5.69 -0.15 0.17 -0.06 -0.01 0.10 5.93 34.46 19.64 Max-Iter
