7.00 1.00 7.33 0.12 -0.00 -0.00 -0.00 0.01 7.33 0.00 0.76 Acceptable
7.36 3.91 7.33 0.12 -0.00 -0.00 -0.00 0.10 7.33 0.01 0.85 Acceptable
7.72 6.82 7.33 0.12 -0.03 -0.03 -0.01 0.10 7.32 4.97 0.50 Solved
8.08 9.73 7.32 0.11 -0.02 -0.03 -0.01 0.10 7.31 4.61 0.83 Solved
8.40 12.64 7.32 0.10 -0.06 -0.04 -0.01 0.10 7.28 5.49 0.54 Solved
8.69 15.56 7.29 0.08 -0.05 -0.05 -0.01 0.10 7.27 12.16 0.75 Solved
8.92 18.46 7.27 0.06 -0.02 -0.04 -0.01 0.10 7.26 7.31 0.52 Solved
9.10 21.37 7.26 0.04 -0.00 -0.03 -0.01 0.10 7.27 3.15 0.51 Solved
9.22 24.27 7.26 0.03 0.00 -0.02 -0.00 0.10 7.27 1.22 0.51 Solved
9.32 27.17 7.27 0.03 0.01 -0.01 -0.00 0.10 7.27 0.37 0.53 Solved
9.39 30.08 7.27 0.02 0.01 -0.00 -0.00 0.10 7.27 0.06 1.02 Acceptable
9.45 32.99 7.27 0.02 0.01 -0.00 -0.00 0.06 7.28 0.05 0.68 Solved
9.52 35.89 7.27 0.02 0.01 0.00 0.00 -0.03 7.28 0.04 0.71 Acceptable
9.58 38.80 7.28 0.02 -0.03 0.03 0.01 -0.10 7.26 3.72 0.42 Solved
9.64 41.71 7.27 0.03 -0.00 0.02 0.00 -0.10 7.27 1.00 0.61 Solved
9.74 44.62 7.27 0.04 -0.08 0.04 0.01 -0.10 7.22 8.04 0.73 Solved
9.86 47.52 7.23 0.06 -0.50 0.10 0.02 -0.10 6.96 46.62 0.68 Solved
10.03 50.41 7.04 0.10 -0.29 0.11 0.02 -0.10 6.88 47.06 0.75 Acceptable
10.30 53.21 6.92 0.14 -0.18 0.15 0.03 -0.10 6.85 87.54 0.74 Solved
10.69 55.95 6.85 0.20 0.05 0.00 0.00 0.05 6.89 0.93 1.15 Acceptable
11.23 58.64 6.87 0.20 -0.93 -0.11 -0.02 0.10 6.34 64.77 3.29 Max-Iter
11.77 61.33 6.50 0.15 -2.00 -0.28 -0.06 0.10 5.87 388.05 0.53 Solved
12.17 63.90 5.70 0.04 -1.26 -0.35 -0.06 0.10 5.87 613.37 0.48 Solved
12.27 66.18 5.20 -0.10 0.38 -0.23 -0.04 0.10 5.87 243.72 0.56 Solved
12.06 68.25 5.35 -0.19 0.60 -0.06 -0.01 0.10 5.87 33.84 0.71 Solved
11.66 70.35 5.59 -0.22 0.30 -0.00 -0.00 0.01 5.87 11.97 0.96 Acceptable
11.18 72.53 5.71 -0.22 0.12 0.02 0.00 -0.10 5.87 12.55 0.54 Solved
10.69 74.76 5.76 -0.21 -0.02 0.11 0.02 -0.10 5.87 62.29 0.71 Solved
10.22 77.01 5.75 -0.16 0.11 0.08 0.02 -0.10 5.87 39.27 0.55 Solved
9.85 79.28 5.79 -0.13 0.16 0.04 0.01 -0.10 5.92 16.82 0.74 Solved
9.56 81.58 5.86 -0.11 0.14 0.02 0.00 -0.10 5.97 10.81 0.69 Solved
9.30 83.91 5.91 -0.10 0.08 0.06 0.01 -0.10 6.00 21.92 0.83 Acceptable
9.06 86.26 5.94 -0.08 0.15 0.04 0.01 -0.10 6.06 13.80 0.81 Acceptable
8.88 88.63 6.00 -0.06 0.15 0.01 0.00 -0.10 6.12 7.28 0.61 Solved
8.74 91.03 6.06 -0.06 0.14 0.00 0.00 -0.07 6.18 6.15 1.02 Acceptable
8.60 93.45 6.12 -0.06 0.14 0.00 0.00 -0.01 6.23 5.61 0.75 Acceptable
