14.00 2.00 14.67 0.00 -0.00 -0.00 -0.00 -0.00 14.67 0.00 1.16 Solved
14.00 7.87 14.67 -0.00 -0.00 -0.00 -0.00 0.00 14.67 0.00 1.16 Solved
14.00 13.73 14.67 -0.00 -0.00 0.00 0.00 -0.00 14.67 0.00 1.13 Solved
14.00 19.60 14.67 -0.00 -0.00 0.00 0.00 0.00 14.67 0.00 1.17 Solved
14.00 25.47 14.67 -0.00 0.00 -0.00 -0.00 0.00 14.67 0.00 1.18 Solved
14.00 31.33 14.67 -0.00 0.00 -0.00 0.00 0.00 14.67 0.00 0.32 Algorithm-Received
14.00 37.20 14.67 -0.00 0.05 -0.07 -0.03 0.00 14.67 4000000.00 5.80 Solved
14.00 43.07 14.69 -0.03 0.01 -0.03 -0.01 0.07 14.66 3000000.01 22.38 Max-Iter
13.84 48.94 14.69 -0.04 1.98 0.23 0.10 0.28 15.09 2000047.97 17.30 Max-Iter
13.62 54.81 15.49 0.05 1.98 0.23 0.00 0.00 15.88 0.00 0.20 Algorithm-Received
13.95 61.00 16.28 0.15 1.98 0.23 0.00 0.00 16.67 0.00 0.22 Algorithm-Received
14.90 67.44 17.07 0.24 1.98 0.23 0.00 0.00 17.47 0.00 0.29 Algorithm-Received
